
        aeat         rho           p          cp           t         isp          ae          cf
   0.0000E+00  8.9007E+00  1.9899E+01  2.6344E+02  6.3382E+00  3.9365E+03  0.0000E+00  0.0000E+00
   0.0000E+00  5.5092E+00  1.2275E+01  1.5233E+02  6.4178E+00  3.7413E+03  1.1850E+03  1.0000E+00
   0.0000E+00  9.5272E+00  2.0645E+01  2.7358E+02  6.3083E+00  3.9426E+03  0.0000E+00  0.0000E+00
   0.0000E+00  5.8975E+00  1.2735E+01  1.5818E+02  6.3874E+00  3.7467E+03  1.1857E+03  1.0000E+00
   0.0000E+00  1.0153E+01  2.1389E+01  2.8371E+02  6.2795E+00  3.9486E+03  0.0000E+00  0.0000E+00
   0.0000E+00  6.2856E+00  1.3195E+01  1.6403E+02  6.3584E+00  3.7520E+03  1.1862E+03  1.0000E+00
   0.0000E+00  1.0779E+01  2.2134E+01  2.9384E+02  6.2519E+00  3.9543E+03  0.0000E+00  0.0000E+00
   0.0000E+00  6.6734E+00  1.3654E+01  1.6988E+02  6.3305E+00  3.7571E+03  1.1868E+03  1.0000E+00
   0.0000E+00  1.1404E+01  2.2877E+01  3.0398E+02  6.2254E+00  3.9598E+03  0.0000E+00  0.0000E+00
   0.0000E+00  7.0610E+00  1.4113E+01  1.7573E+02  6.3036E+00  3.7620E+03  1.1873E+03  1.0000E+00
   0.0000E+00  1.2030E+01  1.1053E+01  1.4185E+02  6.7060E+00  3.8209E+03  0.0000E+00  0.0000E+00
   0.0000E+00  7.4484E+00  6.8163E+00  8.2096E+01  6.7727E+00  3.6372E+03  1.1662E+03  1.0000E+00
   0.0000E+00  1.2654E+01  1.1821E+01  1.5199E+02  6.6472E+00  3.8319E+03  0.0000E+00  0.0000E+00
   0.0000E+00  7.8357E+00  7.2903E+00  8.7951E+01  6.7133E+00  3.6470E+03  1.1673E+03  1.0000E+00
   0.0000E+00  1.3279E+01  1.2588E+01  1.6212E+02  6.5927E+00  3.8422E+03  0.0000E+00  0.0000E+00
   0.0000E+00  8.2228E+00  7.7634E+00  9.3806E+01  6.6583E+00  3.6561E+03  1.1683E+03  1.0000E+00
   0.0000E+00  1.3903E+01  1.3354E+01  1.7225E+02  6.5420E+00  3.8519E+03  0.0000E+00  0.0000E+00
   0.0000E+00  8.6097E+00  8.2359E+00  9.9660E+01  6.6071E+00  3.6647E+03  1.1693E+03  1.0000E+00
   0.0000E+00  1.4527E+01  1.4118E+01  1.8238E+02  6.4945E+00  3.8610E+03  0.0000E+00  0.0000E+00
   0.0000E+00  8.9965E+00  8.7076E+00  1.0551E+02  6.5593E+00  3.6728E+03  1.1702E+03  1.0000E+00
   0.0000E+00  1.5150E+01  1.4882E+01  1.9252E+02  6.4501E+00  3.8696E+03  0.0000E+00  0.0000E+00
   0.0000E+00  9.3831E+00  9.1788E+00  1.1137E+02  6.5144E+00  3.6805E+03  1.1711E+03  1.0000E+00
   0.0000E+00  1.5774E+01  1.5645E+01  2.0265E+02  6.4082E+00  3.8778E+03  0.0000E+00  0.0000E+00
   0.0000E+00  9.7697E+00  9.6493E+00  1.1722E+02  6.4721E+00  3.6878E+03  1.1719E+03  1.0000E+00
   0.0000E+00  1.6397E+01  1.6406E+01  2.1278E+02  6.3686E+00  3.8856E+03  0.0000E+00  0.0000E+00
   0.0000E+00  1.0156E+01  1.0119E+01  1.2307E+02  6.4321E+00  3.6947E+03  1.1727E+03  1.0000E+00
   0.0000E+00  1.7020E+01  1.7167E+01  2.2291E+02  6.3312E+00  3.8931E+03  0.0000E+00  0.0000E+00
   0.0000E+00  1.0542E+01  1.0589E+01  1.2892E+02  6.3943E+00  3.7013E+03  1.1735E+03  1.0000E+00
   0.0000E+00  1.7643E+01  1.7927E+01  2.3305E+02  6.2957E+00  3.9002E+03  0.0000E+00  0.0000E+00
   0.0000E+00  1.0929E+01  1.1058E+01  1.3477E+02  6.3584E+00  3.7077E+03  1.1742E+03  1.0000E+00
   0.0000E+00  1.8265E+01  1.8686E+01  2.4318E+02  6.2619E+00  3.9070E+03  0.0000E+00  0.0000E+00
   0.0000E+00  1.1315E+01  1.1526E+01  1.4063E+02  6.3243E+00  3.7137E+03  1.1749E+03  1.0000E+00
   0.0000E+00  1.8888E+01  1.9444E+01  2.5331E+02  6.2297E+00  3.9136E+03  0.0000E+00  0.0000E+00
   0.0000E+00  1.1701E+01  1.1994E+01  1.4648E+02  6.2917E+00  3.7195E+03  1.1755E+03  1.0000E+00
   0.0000E+00  8.9137E+00  2.0202E+01  2.6344E+02  6.1989E+00  3.9198E+03  0.0000E+00  0.0000E+00
   0.0000E+00  5.5114E+00  1.2462E+01  1.5233E+02  6.2606E+00  3.7251E+03  1.1761E+03  1.0000E+00
   0.0000E+00  9.5390E+00  2.0959E+01  2.7358E+02  6.1695E+00  3.9259E+03  0.0000E+00  0.0000E+00
   0.0000E+00  5.8985E+00  1.2929E+01  1.5818E+02  6.2308E+00  3.7305E+03  1.1767E+03  1.0000E+00
   0.0000E+00  1.0164E+01  2.1716E+01  2.8371E+02  6.1413E+00  3.9317E+03  0.0000E+00  0.0000E+00
   0.0000E+00  6.2851E+00  1.3396E+01  1.6403E+02  6.2023E+00  3.7357E+03  1.1773E+03  1.0000E+00
   0.0000E+00  1.0788E+01  2.2471E+01  2.9384E+02  6.1142E+00  3.9374E+03  0.0000E+00  0.0000E+00
   0.0000E+00  6.6715E+00  1.3862E+01  1.6988E+02  6.1749E+00  3.7407E+03  1.1779E+03  1.0000E+00
   0.0000E+00  1.1412E+01  2.3226E+01  3.0398E+02  6.0882E+00  3.9428E+03  0.0000E+00  0.0000E+00
   0.0000E+00  7.0576E+00  1.4328E+01  1.7573E+02  6.1486E+00  3.7455E+03  1.1784E+03  1.0000E+00
   0.0000E+00  1.2035E+01  1.1215E+01  1.4185E+02  6.5524E+00  3.8051E+03  0.0000E+00  0.0000E+00
   0.0000E+00  7.4435E+00  6.9160E+00  8.2095E+01  6.6000E+00  3.6217E+03  1.1577E+03  1.0000E+00
   0.0000E+00  1.2658E+01  1.1995E+01  1.5199E+02  6.4947E+00  3.8159E+03  0.0000E+00  0.0000E+00
   0.0000E+00  7.8291E+00  7.3970E+00  8.7950E+01  6.5418E+00  3.6313E+03  1.1588E+03  1.0000E+00
   0.0000E+00  1.3280E+01  1.2773E+01  1.6212E+02  6.4413E+00  3.8260E+03  0.0000E+00  0.0000E+00
   0.0000E+00  8.2145E+00  7.8772E+00  9.3805E+01  6.4880E+00  3.6402E+03  1.1599E+03  1.0000E+00
   0.0000E+00  1.3902E+01  1.3550E+01  1.7225E+02  6.3916E+00  3.8355E+03  0.0000E+00  0.0000E+00
   0.0000E+00  8.5997E+00  8.3567E+00  9.9658E+01  6.4378E+00  3.6487E+03  1.1608E+03  1.0000E+00
   0.0000E+00  1.4524E+01  1.4326E+01  1.8238E+02  6.3451E+00  3.8445E+03  0.0000E+00  0.0000E+00
   0.0000E+00  8.9847E+00  8.8355E+00  1.0551E+02  6.3909E+00  3.6567E+03  1.1617E+03  1.0000E+00
   0.0000E+00  1.5145E+01  1.5101E+01  1.9252E+02  6.3015E+00  3.8530E+03  0.0000E+00  0.0000E+00
   0.0000E+00  9.3694E+00  9.3137E+00  1.1136E+02  6.3469E+00  3.6642E+03  1.1626E+03  1.0000E+00
   0.0000E+00  1.5767E+01  1.5875E+01  2.0265E+02  6.2604E+00  3.8610E+03  0.0000E+00  0.0000E+00
   0.0000E+00  9.7541E+00  9.7913E+00  1.1722E+02  6.3054E+00  3.6713E+03  1.1634E+03  1.0000E+00
   0.0000E+00  1.6387E+01  1.6648E+01  2.1278E+02  6.2217E+00  3.8687E+03  0.0000E+00  0.0000E+00
   0.0000E+00  1.0139E+01  1.0268E+01  1.2307E+02  6.2663E+00  3.6782E+03  1.1642E+03  1.0000E+00
   0.0000E+00  1.7008E+01  1.7420E+01  2.2291E+02  6.1850E+00  3.8760E+03  0.0000E+00  0.0000E+00
   0.0000E+00  1.0523E+01  1.0745E+01  1.2892E+02  6.2292E+00  3.6846E+03  1.1649E+03  1.0000E+00
   0.0000E+00  1.7628E+01  1.8192E+01  2.3305E+02  6.1501E+00  3.8830E+03  0.0000E+00  0.0000E+00
   0.0000E+00  1.0907E+01  1.1221E+01  1.3477E+02  6.1940E+00  3.6909E+03  1.1656E+03  1.0000E+00
   0.0000E+00  1.8248E+01  1.8962E+01  2.4318E+02  6.1170E+00  3.8898E+03  0.0000E+00  0.0000E+00
   0.0000E+00  1.1291E+01  1.1696E+01  1.4062E+02  6.1605E+00  3.6968E+03  1.1663E+03  1.0000E+00
   0.0000E+00  1.8868E+01  1.9732E+01  2.5331E+02  6.0854E+00  3.8962E+03  0.0000E+00  0.0000E+00
   0.0000E+00  1.1675E+01  1.2171E+01  1.4647E+02  6.1286E+00  3.7025E+03  1.1669E+03  1.0000E+00
   0.0000E+00  8.9774E+00  2.0501E+01  2.6344E+02  6.0552E+00  3.9024E+03  0.0000E+00  0.0000E+00
   0.0000E+00  5.5467E+00  1.2646E+01  1.5232E+02  6.0981E+00  3.7080E+03  1.1676E+03  1.0000E+00
   0.0000E+00  9.6053E+00  2.1270E+01  2.7358E+02  6.0264E+00  3.9083E+03  0.0000E+00  0.0000E+00
   0.0000E+00  5.9350E+00  1.3120E+01  1.5817E+02  6.0689E+00  3.7133E+03  1.1681E+03  1.0000E+00
   0.0000E+00  1.0232E+01  2.2037E+01  2.8371E+02  5.9987E+00  3.9141E+03  0.0000E+00  0.0000E+00
   0.0000E+00  6.3228E+00  1.3594E+01  1.6402E+02  6.0410E+00  3.7183E+03  1.1687E+03  1.0000E+00
   0.0000E+00  1.0859E+01  2.2804E+01  2.9384E+02  5.9721E+00  3.9196E+03  0.0000E+00  0.0000E+00
   0.0000E+00  6.7102E+00  1.4067E+01  1.6987E+02  6.0141E+00  3.7232E+03  1.1693E+03  1.0000E+00
   0.0000E+00  1.1485E+01  2.3571E+01  3.0398E+02  5.9466E+00  3.9250E+03  0.0000E+00  0.0000E+00
   0.0000E+00  7.0973E+00  1.4541E+01  1.7572E+02  5.9883E+00  3.7280E+03  1.1698E+03  1.0000E+00
   0.0000E+00  1.2110E+01  1.1375E+01  1.4185E+02  6.3968E+00  3.7886E+03  0.0000E+00  0.0000E+00
   0.0000E+00  7.4841E+00  7.0143E+00  8.2093E+01  6.4248E+00  3.6055E+03  1.1496E+03  1.0000E+00
   0.0000E+00  1.2735E+01  1.2165E+01  1.5199E+02  6.3403E+00  3.7993E+03  0.0000E+00  0.0000E+00
   0.0000E+00  7.8705E+00  7.5022E+00  8.7947E+01  6.3679E+00  3.6149E+03  1.1507E+03  1.0000E+00
   0.0000E+00  1.3359E+01  1.2955E+01  1.6212E+02  6.2880E+00  3.8092E+03  0.0000E+00  0.0000E+00
   0.0000E+00  8.2567E+00  7.9894E+00  9.3801E+01  6.3152E+00  3.6237E+03  1.1517E+03  1.0000E+00
   0.0000E+00  1.3983E+01  1.3743E+01  1.7225E+02  6.2393E+00  3.8185E+03  0.0000E+00  0.0000E+00
   0.0000E+00  8.6426E+00  8.4758E+00  9.9655E+01  6.2661E+00  3.6320E+03  1.1527E+03  1.0000E+00
   0.0000E+00  1.4606E+01  1.4531E+01  1.8238E+02  6.1937E+00  3.8274E+03  0.0000E+00  0.0000E+00
   0.0000E+00  9.0282E+00  8.9616E+00  1.0551E+02  6.2202E+00  3.6398E+03  1.1536E+03  1.0000E+00
   0.0000E+00  1.5229E+01  1.5317E+01  1.9252E+02  6.1510E+00  3.8357E+03  0.0000E+00  0.0000E+00
   0.0000E+00  9.4136E+00  9.4467E+00  1.1136E+02  6.1771E+00  3.6472E+03  1.1544E+03  1.0000E+00
   0.0000E+00  1.5852E+01  1.6102E+01  2.0265E+02  6.1107E+00  3.8436E+03  0.0000E+00  0.0000E+00
   0.0000E+00  9.7987E+00  9.9312E+00  1.1721E+02  6.1365E+00  3.6542E+03  1.1552E+03  1.0000E+00
   0.0000E+00  1.6474E+01  1.6887E+01  2.1278E+02  6.0728E+00  3.8512E+03  0.0000E+00  0.0000E+00
   0.0000E+00  1.0184E+01  1.0415E+01  1.2306E+02  6.0981E+00  3.6609E+03  1.1560E+03  1.0000E+00
   0.0000E+00  1.7096E+01  1.7670E+01  2.2291E+02  6.0368E+00  3.8584E+03  0.0000E+00  0.0000E+00
   0.0000E+00  1.0568E+01  1.0899E+01  1.2891E+02  6.0618E+00  3.6672E+03  1.1567E+03  1.0000E+00
   0.0000E+00  1.7718E+01  1.8453E+01  2.3305E+02  6.0026E+00  3.8653E+03  0.0000E+00  0.0000E+00
   0.0000E+00  1.0953E+01  1.1382E+01  1.3477E+02  6.0274E+00  3.6733E+03  1.1574E+03  1.0000E+00
   0.0000E+00  1.8339E+01  1.9234E+01  2.4318E+02  5.9702E+00  3.8719E+03  0.0000E+00  0.0000E+00
   0.0000E+00  1.1337E+01  1.1864E+01  1.4062E+02  5.9946E+00  3.6791E+03  1.1581E+03  1.0000E+00
   0.0000E+00  1.8960E+01  2.0016E+01  2.5331E+02  5.9392E+00  3.8782E+03  0.0000E+00  0.0000E+00
   0.0000E+00  1.1721E+01  1.2346E+01  1.4647E+02  5.9633E+00  3.6847E+03  1.1587E+03  1.0000E+00
   0.0000E+00  9.0798E+00  2.0796E+01  2.6344E+02  5.9096E+00  3.8842E+03  0.0000E+00  0.0000E+00
   0.0000E+00  5.6072E+00  1.2828E+01  1.5232E+02  5.9334E+00  3.6901E+03  1.1593E+03  1.0000E+00
   0.0000E+00  9.7132E+00  2.1576E+01  2.7358E+02  5.8813E+00  3.8901E+03  0.0000E+00  0.0000E+00
   0.0000E+00  5.9986E+00  1.3309E+01  1.5817E+02  5.9048E+00  3.6953E+03  1.1599E+03  1.0000E+00
   0.0000E+00  1.0346E+01  2.2355E+01  2.8371E+02  5.8542E+00  3.8957E+03  0.0000E+00  0.0000E+00
   0.0000E+00  6.3896E+00  1.3790E+01  1.6401E+02  5.8774E+00  3.7002E+03  1.1604E+03  1.0000E+00
   0.0000E+00  1.0978E+01  2.3133E+01  2.9384E+02  5.8282E+00  3.9012E+03  0.0000E+00  0.0000E+00
   0.0000E+00  6.7801E+00  1.4270E+01  1.6986E+02  5.8511E+00  3.7050E+03  1.1610E+03  1.0000E+00
   0.0000E+00  1.1609E+01  2.3911E+01  3.0398E+02  5.8031E+00  3.9064E+03  0.0000E+00  0.0000E+00
   0.0000E+00  7.1701E+00  1.4750E+01  1.7571E+02  5.8258E+00  3.7097E+03  1.1615E+03  1.0000E+00
   0.0000E+00  1.2239E+01  1.1532E+01  1.4185E+02  6.2409E+00  3.7717E+03  0.0000E+00  0.0000E+00
   0.0000E+00  7.5598E+00  7.1110E+00  8.2088E+01  6.2495E+00  3.5887E+03  1.1418E+03  1.0000E+00
   0.0000E+00  1.2869E+01  1.2334E+01  1.5199E+02  6.1856E+00  3.7822E+03  0.0000E+00  0.0000E+00
   0.0000E+00  7.9491E+00  7.6058E+00  8.7942E+01  6.1938E+00  3.5979E+03  1.1429E+03  1.0000E+00
   0.0000E+00  1.3498E+01  1.3134E+01  1.6212E+02  6.1344E+00  3.7919E+03  0.0000E+00  0.0000E+00
   0.0000E+00  8.3380E+00  8.0999E+00  9.3796E+01  6.1422E+00  3.6066E+03  1.1439E+03  1.0000E+00
   0.0000E+00  1.4127E+01  1.3934E+01  1.7225E+02  6.0867E+00  3.8011E+03  0.0000E+00  0.0000E+00
   0.0000E+00  8.7267E+00  8.5932E+00  9.9649E+01  6.0942E+00  3.6147E+03  1.1448E+03  1.0000E+00
   0.0000E+00  1.4755E+01  1.4732E+01  1.8238E+02  6.0421E+00  3.8098E+03  0.0000E+00  0.0000E+00
   0.0000E+00  9.1150E+00  9.0858E+00  1.0550E+02  6.0492E+00  3.6224E+03  1.1457E+03  1.0000E+00
   0.0000E+00  1.5383E+01  1.5530E+01  1.9252E+02  6.0002E+00  3.8180E+03  0.0000E+00  0.0000E+00
   0.0000E+00  9.5030E+00  9.5778E+00  1.1135E+02  6.0071E+00  3.6296E+03  1.1465E+03  1.0000E+00
   0.0000E+00  1.6010E+01  1.6326E+01  2.0265E+02  5.9608E+00  3.8258E+03  0.0000E+00  0.0000E+00
   0.0000E+00  9.8907E+00  1.0069E+01  1.1720E+02  5.9674E+00  3.6365E+03  1.1473E+03  1.0000E+00
   0.0000E+00  1.6637E+01  1.7122E+01  2.1278E+02  5.9236E+00  3.8332E+03  0.0000E+00  0.0000E+00
   0.0000E+00  1.0278E+01  1.0560E+01  1.2306E+02  5.9299E+00  3.6430E+03  1.1481E+03  1.0000E+00
   0.0000E+00  1.7263E+01  1.7916E+01  2.2291E+02  5.8884E+00  3.8402E+03  0.0000E+00  0.0000E+00
   0.0000E+00  1.0665E+01  1.1050E+01  1.2891E+02  5.8943E+00  3.6492E+03  1.1488E+03  1.0000E+00
   0.0000E+00  1.7889E+01  1.8710E+01  2.3305E+02  5.8549E+00  3.8470E+03  0.0000E+00  0.0000E+00
   0.0000E+00  1.1052E+01  1.1540E+01  1.3476E+02  5.8606E+00  3.6552E+03  1.1495E+03  1.0000E+00
   0.0000E+00  1.8514E+01  1.9503E+01  2.4318E+02  5.8231E+00  3.8534E+03  0.0000E+00  0.0000E+00
   0.0000E+00  1.1439E+01  1.2029E+01  1.4061E+02  5.8285E+00  3.6609E+03  1.1501E+03  1.0000E+00
   0.0000E+00  1.9140E+01  2.0295E+01  2.5331E+02  5.7928E+00  3.8596E+03  0.0000E+00  0.0000E+00
   0.0000E+00  1.1826E+01  1.2518E+01  1.4646E+02  5.7979E+00  3.6664E+03  1.1507E+03  1.0000E+00
   0.0000E+00  9.2101E+00  2.1087E+01  2.6344E+02  5.7638E+00  3.8656E+03  0.0000E+00  0.0000E+00
   0.0000E+00  5.6857E+00  1.3007E+01  1.5231E+02  5.7687E+00  3.6716E+03  1.1513E+03  1.0000E+00
   0.0000E+00  9.8514E+00  2.1877E+01  2.7358E+02  5.7361E+00  3.8713E+03  0.0000E+00  0.0000E+00
   0.0000E+00  6.0819E+00  1.3495E+01  1.5815E+02  5.7407E+00  3.6767E+03  1.1519E+03  1.0000E+00
   0.0000E+00  1.0492E+01  2.2667E+01  2.8371E+02  5.7095E+00  3.8769E+03  0.0000E+00  0.0000E+00
   0.0000E+00  6.4775E+00  1.3982E+01  1.6400E+02  5.7139E+00  3.6815E+03  1.1525E+03  1.0000E+00
   0.0000E+00  1.1131E+01  2.3457E+01  2.9384E+02  5.6840E+00  3.8822E+03  0.0000E+00  0.0000E+00
   0.0000E+00  6.8726E+00  1.4470E+01  1.6985E+02  5.6881E+00  3.6862E+03  1.1530E+03  1.0000E+00
   0.0000E+00  1.1770E+01  2.4246E+01  3.0398E+02  5.6595E+00  3.8874E+03  0.0000E+00  0.0000E+00
   0.0000E+00  7.2672E+00  1.4956E+01  1.7570E+02  5.6634E+00  3.6908E+03  1.1535E+03  1.0000E+00
   0.0000E+00  1.2408E+01  1.1686E+01  1.4185E+02  6.0861E+00  3.7545E+03  0.0000E+00  0.0000E+00
   0.0000E+00  7.6613E+00  7.2064E+00  8.2082E+01  6.0755E+00  3.5715E+03  1.1343E+03  1.0000E+00
   0.0000E+00  1.3045E+01  1.2499E+01  1.5199E+02  6.0320E+00  3.7647E+03  0.0000E+00  0.0000E+00
   0.0000E+00  8.0551E+00  7.7080E+00  8.7936E+01  6.0210E+00  3.5806E+03  1.1353E+03  1.0000E+00
   0.0000E+00  1.3682E+01  1.3311E+01  1.6212E+02  5.9818E+00  3.7743E+03  0.0000E+00  0.0000E+00
   0.0000E+00  8.4484E+00  8.2088E+00  9.3789E+01  5.9706E+00  3.5890E+03  1.1363E+03  1.0000E+00
   0.0000E+00  1.4318E+01  1.4122E+01  1.7225E+02  5.9351E+00  3.7833E+03  0.0000E+00  0.0000E+00
   0.0000E+00  8.8413E+00  8.7088E+00  9.9641E+01  5.9236E+00  3.5970E+03  1.1373E+03  1.0000E+00
   0.0000E+00  1.4953E+01  1.4931E+01  1.8238E+02  5.8915E+00  3.7918E+03  0.0000E+00  0.0000E+00
   0.0000E+00  9.2339E+00  9.2083E+00  1.0549E+02  5.8797E+00  3.6045E+03  1.1381E+03  1.0000E+00
   0.0000E+00  1.5588E+01  1.5739E+01  1.9252E+02  5.8505E+00  3.7999E+03  0.0000E+00  0.0000E+00
   0.0000E+00  9.6262E+00  9.7070E+00  1.1134E+02  5.8385E+00  3.6116E+03  1.1389E+03  1.0000E+00
   0.0000E+00  1.6222E+01  1.6547E+01  2.0265E+02  5.8119E+00  3.8075E+03  0.0000E+00  0.0000E+00
   0.0000E+00  1.0018E+01  1.0205E+01  1.1720E+02  5.7997E+00  3.6183E+03  1.1397E+03  1.0000E+00
   0.0000E+00  1.6856E+01  1.7353E+01  2.1278E+02  5.7755E+00  3.8148E+03  0.0000E+00  0.0000E+00
   0.0000E+00  1.0410E+01  1.0703E+01  1.2305E+02  5.7630E+00  3.6247E+03  1.1405E+03  1.0000E+00
   0.0000E+00  1.7489E+01  1.8159E+01  2.2291E+02  5.7410E+00  3.8217E+03  0.0000E+00  0.0000E+00
   0.0000E+00  1.0801E+01  1.1200E+01  1.2890E+02  5.7283E+00  3.6308E+03  1.1412E+03  1.0000E+00
   0.0000E+00  1.8122E+01  1.8964E+01  2.3305E+02  5.7083E+00  3.8283E+03  0.0000E+00  0.0000E+00
   0.0000E+00  1.1192E+01  1.1696E+01  1.3475E+02  5.6953E+00  3.6366E+03  1.1418E+03  1.0000E+00
   0.0000E+00  1.8754E+01  1.9767E+01  2.4318E+02  5.6771E+00  3.8347E+03  0.0000E+00  0.0000E+00
   0.0000E+00  1.1583E+01  1.2193E+01  1.4059E+02  5.6639E+00  3.6422E+03  1.1425E+03  1.0000E+00
   0.0000E+00  1.9386E+01  2.0571E+01  2.5331E+02  5.6474E+00  3.8407E+03  0.0000E+00  0.0000E+00
   0.0000E+00  1.1973E+01  1.2688E+01  1.4644E+02  5.6340E+00  3.6475E+03  1.1431E+03  1.0000E+00
   0.0000E+00  9.3594E+00  2.1373E+01  2.6344E+02  5.6190E+00  3.8466E+03  0.0000E+00  0.0000E+00
   0.0000E+00  5.7765E+00  1.3183E+01  1.5229E+02  5.6054E+00  3.6526E+03  1.1437E+03  1.0000E+00
   0.0000E+00  1.0010E+01  2.2175E+01  2.7358E+02  5.5919E+00  3.8522E+03  0.0000E+00  0.0000E+00
   0.0000E+00  6.1785E+00  1.3678E+01  1.5814E+02  5.5781E+00  3.6576E+03  1.1442E+03  1.0000E+00
   0.0000E+00  1.0660E+01  2.2976E+01  2.8371E+02  5.5659E+00  3.8576E+03  0.0000E+00  0.0000E+00
   0.0000E+00  6.5799E+00  1.4173E+01  1.6399E+02  5.5519E+00  3.6623E+03  1.1448E+03  1.0000E+00
   0.0000E+00  1.1309E+01  2.3776E+01  2.9384E+02  5.5409E+00  3.8628E+03  0.0000E+00  0.0000E+00
   0.0000E+00  6.9807E+00  1.4667E+01  1.6984E+02  5.5267E+00  3.6669E+03  1.1453E+03  1.0000E+00
   0.0000E+00  1.1957E+01  2.4576E+01  3.0398E+02  5.5169E+00  3.8679E+03  0.0000E+00  0.0000E+00
   0.0000E+00  7.3809E+00  1.5160E+01  1.7568E+02  5.5025E+00  3.6714E+03  1.1458E+03  1.0000E+00
   0.0000E+00  1.2604E+01  1.1839E+01  1.4185E+02  5.9332E+00  3.7369E+03  0.0000E+00  0.0000E+00
   0.0000E+00  7.7807E+00  7.3004E+00  8.2075E+01  5.9039E+00  3.5540E+03  1.1270E+03  1.0000E+00
   0.0000E+00  1.3251E+01  1.2663E+01  1.5199E+02  5.8802E+00  3.7470E+03  0.0000E+00  0.0000E+00
   0.0000E+00  8.1800E+00  7.8086E+00  8.7928E+01  5.8507E+00  3.5628E+03  1.1281E+03  1.0000E+00
   0.0000E+00  1.3897E+01  1.3485E+01  1.6212E+02  5.8311E+00  3.7564E+03  0.0000E+00  0.0000E+00
   0.0000E+00  8.5788E+00  8.3161E+00  9.3780E+01  5.8014E+00  3.5711E+03  1.1290E+03  1.0000E+00
   0.0000E+00  1.4542E+01  1.4307E+01  1.7225E+02  5.7854E+00  3.7652E+03  0.0000E+00  0.0000E+00
   0.0000E+00  8.9773E+00  8.8229E+00  9.9632E+01  5.7555E+00  3.5789E+03  1.1300E+03  1.0000E+00
   0.0000E+00  1.5186E+01  1.5127E+01  1.8238E+02  5.7427E+00  3.7736E+03  0.0000E+00  0.0000E+00
   0.0000E+00  9.3753E+00  9.3290E+00  1.0548E+02  5.7126E+00  3.5862E+03  1.1308E+03  1.0000E+00
   0.0000E+00  1.5830E+01  1.5946E+01  1.9252E+02  5.7027E+00  3.7815E+03  0.0000E+00  0.0000E+00
   0.0000E+00  9.7730E+00  9.8345E+00  1.1133E+02  5.6724E+00  3.5931E+03  1.1316E+03  1.0000E+00
   0.0000E+00  1.6473E+01  1.6764E+01  2.0265E+02  5.6649E+00  3.7890E+03  0.0000E+00  0.0000E+00
   0.0000E+00  1.0170E+01  1.0339E+01  1.1718E+02  5.6344E+00  3.5997E+03  1.1324E+03  1.0000E+00
   0.0000E+00  1.7116E+01  1.7582E+01  2.1278E+02  5.6293E+00  3.7961E+03  0.0000E+00  0.0000E+00
   0.0000E+00  1.0567E+01  1.0844E+01  1.2303E+02  5.5986E+00  3.6060E+03  1.1331E+03  1.0000E+00
   0.0000E+00  1.7758E+01  1.8398E+01  2.2291E+02  5.5955E+00  3.8029E+03  0.0000E+00  0.0000E+00
   0.0000E+00  1.0964E+01  1.1347E+01  1.2888E+02  5.5647E+00  3.6119E+03  1.1338E+03  1.0000E+00
   0.0000E+00  1.8399E+01  1.9214E+01  2.3305E+02  5.5635E+00  3.8093E+03  0.0000E+00  0.0000E+00
   0.0000E+00  1.1360E+01  1.1851E+01  1.3473E+02  5.5325E+00  3.6176E+03  1.1345E+03  1.0000E+00
   0.0000E+00  1.9040E+01  2.0028E+01  2.4318E+02  5.5330E+00  3.8155E+03  0.0000E+00  0.0000E+00
   0.0000E+00  1.1756E+01  1.2353E+01  1.4058E+02  5.5019E+00  3.6230E+03  1.1351E+03  1.0000E+00
   0.0000E+00  1.9681E+01  2.0842E+01  2.5331E+02  5.5040E+00  3.8215E+03  0.0000E+00  0.0000E+00
   0.0000E+00  1.2152E+01  1.2856E+01  1.4643E+02  5.4726E+00  3.6283E+03  1.1357E+03  1.0000E+00
   0.0000E+00  9.5209E+00  2.1656E+01  2.6344E+02  5.4762E+00  3.8272E+03  0.0000E+00  0.0000E+00
   0.0000E+00  5.8751E+00  1.3358E+01  1.5228E+02  5.4447E+00  3.6333E+03  1.1363E+03  1.0000E+00
   0.0000E+00  1.0182E+01  2.2468E+01  2.7358E+02  5.4496E+00  3.8327E+03  0.0000E+00  0.0000E+00
   0.0000E+00  6.2836E+00  1.3859E+01  1.5812E+02  5.4180E+00  3.6381E+03  1.1368E+03  1.0000E+00
   0.0000E+00  1.0843E+01  2.3280E+01  2.8371E+02  5.4242E+00  3.8380E+03  0.0000E+00  0.0000E+00
   0.0000E+00  6.6915E+00  1.4360E+01  1.6397E+02  5.3924E+00  3.6427E+03  1.1373E+03  1.0000E+00
   0.0000E+00  1.1503E+01  2.4092E+01  2.9384E+02  5.3997E+00  3.8431E+03  0.0000E+00  0.0000E+00
   0.0000E+00  7.0987E+00  1.4861E+01  1.6982E+02  5.3678E+00  3.6472E+03  1.1379E+03  1.0000E+00
   0.0000E+00  1.2161E+01  2.4902E+01  3.0398E+02  5.3763E+00  3.8481E+03  0.0000E+00  0.0000E+00
   0.0000E+00  7.5054E+00  1.5361E+01  1.7566E+02  5.3442E+00  3.6515E+03  1.1383E+03  1.0000E+00
   0.0000E+00  1.2819E+01  1.9252E+02  6.7220E+00  3.9288E+03  0.0000E+00  0.0000E+00  0.0000E+00
   0.0000E+00  7.9115E+00  1.1111E+02  6.6472E+00  3.7254E+03  1.2636E+03  1.0000E+00  6.5616E-01
   0.0000E+00  1.3476E+01  2.0265E+02  6.6719E+00  3.9370E+03  0.0000E+00  0.0000E+00  0.0000E+00
   0.0000E+00  8.3172E+00  1.1694E+02  6.5964E+00  3.7326E+03  1.2645E+03  1.0000E+00  6.5625E-01
   0.0000E+00  1.4132E+01  2.1278E+02  6.6246E+00  3.9449E+03  0.0000E+00  0.0000E+00  0.0000E+00
   0.0000E+00  8.7223E+00  1.2278E+02  6.5485E+00  3.7395E+03  1.2654E+03  1.0000E+00  6.5634E-01
   0.0000E+00  1.4787E+01  2.2291E+02  6.5799E+00  3.9524E+03  0.0000E+00  0.0000E+00  0.0000E+00
   0.0000E+00  9.1271E+00  1.2862E+02  6.5030E+00  3.7460E+03  1.2662E+03  1.0000E+00  6.5642E-01
   0.0000E+00  1.5442E+01  2.3305E+02  6.5374E+00  3.9596E+03  0.0000E+00  0.0000E+00  0.0000E+00
   0.0000E+00  9.5314E+00  1.3445E+02  6.4599E+00  3.7523E+03  1.2670E+03  1.0000E+00  6.5650E-01
   0.0000E+00  1.6096E+01  2.4318E+02  6.4970E+00  3.9665E+03  0.0000E+00  0.0000E+00  0.0000E+00
   0.0000E+00  9.9353E+00  1.4029E+02  6.4189E+00  3.7582E+03  1.2677E+03  1.0000E+00  6.5657E-01
   0.0000E+00  1.6749E+01  2.5331E+02  6.4585E+00  3.9731E+03  0.0000E+00  0.0000E+00  0.0000E+00
   0.0000E+00  1.0339E+01  1.4612E+02  6.3798E+00  3.7640E+03  1.2684E+03  1.0000E+00  6.5664E-01
   0.0000E+00  1.7402E+01  2.6344E+02  6.4217E+00  3.9794E+03  0.0000E+00  0.0000E+00  0.0000E+00
   0.0000E+00  1.0742E+01  1.5195E+02  6.3424E+00  3.7695E+03  1.2691E+03  1.0000E+00  6.5671E-01
   0.0000E+00  1.8054E+01  2.7358E+02  6.3866E+00  3.9855E+03  0.0000E+00  0.0000E+00  0.0000E+00
   0.0000E+00  1.1145E+01  1.5779E+02  6.3066E+00  3.7747E+03  1.2697E+03  1.0000E+00  6.5678E-01
   0.0000E+00  1.8706E+01  2.8371E+02  6.3528E+00  3.9914E+03  0.0000E+00  0.0000E+00  0.0000E+00
   0.0000E+00  1.1547E+01  1.6362E+02  6.2723E+00  3.7798E+03  1.2704E+03  1.0000E+00  6.5684E-01
   0.0000E+00  1.9357E+01  2.9384E+02  6.3205E+00  3.9970E+03  0.0000E+00  0.0000E+00  0.0000E+00
   0.0000E+00  1.1949E+01  1.6945E+02  6.2394E+00  3.7847E+03  1.2710E+03  1.0000E+00  6.5690E-01
   0.0000E+00  2.0008E+01  3.0398E+02  6.2894E+00  4.0025E+03  0.0000E+00  0.0000E+00  0.0000E+00
   0.0000E+00  1.2351E+01  1.7529E+02  6.2078E+00  3.7895E+03  1.2716E+03  1.0000E+00  6.5696E-01
   0.0000E+00  9.6895E+00  1.4185E+02  7.2362E+00  3.8894E+03  0.0000E+00  0.0000E+00  0.0000E+00
   0.0000E+00  5.9783E+00  8.1973E+01  7.2518E+00  3.6960E+03  1.2466E+03  1.0000E+00  6.5493E-01
   0.0000E+00  1.0362E+01  1.5199E+02  7.1672E+00  3.9008E+03  0.0000E+00  0.0000E+00  0.0000E+00
   0.0000E+00  6.3938E+00  8.7819E+01  7.1820E+00  3.7061E+03  1.2478E+03  1.0000E+00  6.5504E-01
   0.0000E+00  1.1034E+01  1.6212E+02  7.1033E+00  3.9115E+03  0.0000E+00  0.0000E+00  0.0000E+00
   0.0000E+00  6.8086E+00  9.3663E+01  7.1173E+00  3.7155E+03  1.2490E+03  1.0000E+00  6.5515E-01
   0.0000E+00  1.1705E+01  1.7225E+02  7.0438E+00  3.9216E+03  0.0000E+00  0.0000E+00  0.0000E+00
   0.0000E+00  7.2227E+00  9.9507E+01  7.0571E+00  3.7244E+03  1.2501E+03  1.0000E+00  6.5524E-01
   0.0000E+00  1.2375E+01  1.8238E+02  6.9882E+00  3.9310E+03  0.0000E+00  0.0000E+00  0.0000E+00
   0.0000E+00  7.6363E+00  1.0535E+02  7.0008E+00  3.7327E+03  1.2511E+03  1.0000E+00  6.5534E-01
   0.0000E+00  1.3044E+01  1.9252E+02  6.9361E+00  3.9400E+03  0.0000E+00  0.0000E+00  0.0000E+00
   0.0000E+00  8.0493E+00  1.1119E+02  6.9480E+00  3.7406E+03  1.2520E+03  1.0000E+00  6.5542E-01
   0.0000E+00  1.3712E+01  2.0265E+02  6.8870E+00  3.9485E+03  0.0000E+00  0.0000E+00  0.0000E+00
   0.0000E+00  8.4618E+00  1.1704E+02  6.8982E+00  3.7481E+03  1.2529E+03  1.0000E+00  6.5551E-01
   0.0000E+00  1.4379E+01  2.1278E+02  6.8406E+00  3.9566E+03  0.0000E+00  0.0000E+00  0.0000E+00
   0.0000E+00  8.8738E+00  1.2288E+02  6.8512E+00  3.7553E+03  1.2538E+03  1.0000E+00  6.5558E-01
   0.0000E+00  1.5046E+01  2.2291E+02  6.7968E+00  3.9644E+03  0.0000E+00  0.0000E+00  0.0000E+00
   0.0000E+00  9.2853E+00  1.2872E+02  6.8067E+00  3.7621E+03  1.2546E+03  1.0000E+00  6.5566E-01
   0.0000E+00  1.5712E+01  2.3305E+02  6.7552E+00  3.9718E+03  0.0000E+00  0.0000E+00  0.0000E+00
   0.0000E+00  9.6964E+00  1.3456E+02  6.7645E+00  3.7686E+03  1.2554E+03  1.0000E+00  6.5573E-01
   0.0000E+00  1.6377E+01  2.4318E+02  6.7156E+00  3.9788E+03  0.0000E+00  0.0000E+00  0.0000E+00
   0.0000E+00  1.0107E+01  1.4040E+02  6.7243E+00  3.7748E+03  1.2561E+03  1.0000E+00  6.5580E-01
   0.0000E+00  1.7041E+01  2.5331E+02  6.6778E+00  3.9856E+03  0.0000E+00  0.0000E+00  0.0000E+00
   0.0000E+00  1.0517E+01  1.4624E+02  6.6860E+00  3.7808E+03  1.2568E+03  1.0000E+00  6.5586E-01
   0.0000E+00  1.7705E+01  2.6344E+02  6.6418E+00  3.9922E+03  0.0000E+00  0.0000E+00  0.0000E+00
   0.0000E+00  1.0927E+01  1.5208E+02  6.6494E+00  3.7865E+03  1.2575E+03  1.0000E+00  6.5592E-01
   0.0000E+00  1.8368E+01  2.7358E+02  6.6073E+00  3.9984E+03  0.0000E+00  0.0000E+00  0.0000E+00
   0.0000E+00  1.1337E+01  1.5792E+02  6.6144E+00  3.7920E+03  1.2582E+03  1.0000E+00  6.5598E-01
   0.0000E+00  1.9031E+01  2.8371E+02  6.5743E+00  4.0045E+03  0.0000E+00  0.0000E+00  0.0000E+00
   0.0000E+00  1.1746E+01  1.6376E+02  6.5808E+00  3.7973E+03  1.2588E+03  1.0000E+00  6.5604E-01
   0.0000E+00  1.9693E+01  2.9384E+02  6.5426E+00  4.0103E+03  0.0000E+00  0.0000E+00  0.0000E+00
   0.0000E+00  1.2155E+01  1.6960E+02  6.5486E+00  3.8025E+03  1.2594E+03  1.0000E+00  6.5610E-01
   0.0000E+00  2.0354E+01  3.0398E+02  6.5121E+00  4.0160E+03  0.0000E+00  0.0000E+00  0.0000E+00
   0.0000E+00  1.2563E+01  1.7544E+02  6.5177E+00  3.8074E+03  1.2600E+03  1.0000E+00  6.5615E-01
   0.0000E+00  9.8619E+00  1.4185E+02  7.3372E+00  3.8922E+03  0.0000E+00  0.0000E+00  0.0000E+00
   0.0000E+00  6.0840E+00  8.2014E+01  7.4095E+00  3.7014E+03  1.2353E+03  1.0000E+00  6.5446E-01
   0.0000E+00  1.0547E+01  1.5199E+02  7.2696E+00  3.9038E+03  0.0000E+00  0.0000E+00  0.0000E+00
   0.0000E+00  6.5067E+00  8.7863E+01  7.3413E+00  3.7117E+03  1.2365E+03  1.0000E+00  6.5456E-01
   0.0000E+00  1.1230E+01  1.6212E+02  7.2071E+00  3.9146E+03  0.0000E+00  0.0000E+00  0.0000E+00
   0.0000E+00  6.9287E+00  9.3711E+01  7.2781E+00  3.7213E+03  1.2377E+03  1.0000E+00  6.5466E-01
   0.0000E+00  1.1913E+01  1.7225E+02  7.1488E+00  3.9248E+03  0.0000E+00  0.0000E+00  0.0000E+00
   0.0000E+00  7.3500E+00  9.9558E+01  7.2193E+00  3.7303E+03  1.2387E+03  1.0000E+00  6.5475E-01
   0.0000E+00  1.2594E+01  1.8238E+02  7.0945E+00  3.9344E+03  0.0000E+00  0.0000E+00  0.0000E+00
   0.0000E+00  7.7708E+00  1.0541E+02  7.1643E+00  3.7389E+03  1.2397E+03  1.0000E+00  6.5484E-01
   0.0000E+00  1.3275E+01  1.9252E+02  7.0434E+00  3.9435E+03  0.0000E+00  0.0000E+00  0.0000E+00
   0.0000E+00  8.1909E+00  1.1125E+02  7.1128E+00  3.7469E+03  1.2407E+03  1.0000E+00  6.5492E-01
   0.0000E+00  1.3955E+01  2.0265E+02  6.9954E+00  3.9521E+03  0.0000E+00  0.0000E+00  0.0000E+00
   0.0000E+00  8.6105E+00  1.1710E+02  7.0642E+00  3.7546E+03  1.2416E+03  1.0000E+00  6.5500E-01
   0.0000E+00  1.4634E+01  2.1278E+02  6.9501E+00  3.9604E+03  0.0000E+00  0.0000E+00  0.0000E+00
   0.0000E+00  9.0296E+00  1.2294E+02  7.0184E+00  3.7619E+03  1.2424E+03  1.0000E+00  6.5507E-01
   0.0000E+00  1.5312E+01  2.2291E+02  6.9072E+00  3.9682E+03  0.0000E+00  0.0000E+00  0.0000E+00
   0.0000E+00  9.4483E+00  1.2879E+02  6.9750E+00  3.7688E+03  1.2433E+03  1.0000E+00  6.5514E-01
   0.0000E+00  1.5989E+01  2.3305E+02  6.8665E+00  3.9757E+03  0.0000E+00  0.0000E+00  0.0000E+00
   0.0000E+00  9.8664E+00  1.3463E+02  6.9338E+00  3.7755E+03  1.2440E+03  1.0000E+00  6.5521E-01
   0.0000E+00  1.6666E+01  2.4318E+02  6.8278E+00  3.9829E+03  0.0000E+00  0.0000E+00  0.0000E+00
   0.0000E+00  1.0284E+01  1.4048E+02  6.8946E+00  3.7818E+03  1.2448E+03  1.0000E+00  6.5527E-01
   0.0000E+00  1.7342E+01  2.5331E+02  6.7909E+00  3.9898E+03  0.0000E+00  0.0000E+00  0.0000E+00
   0.0000E+00  1.0701E+01  1.4632E+02  6.8573E+00  3.7879E+03  1.2455E+03  1.0000E+00  6.5533E-01
   0.0000E+00  1.8017E+01  2.6344E+02  6.7557E+00  3.9964E+03  0.0000E+00  0.0000E+00  0.0000E+00
   0.0000E+00  1.1118E+01  1.5217E+02  6.8216E+00  3.7938E+03  1.2462E+03  1.0000E+00  6.5539E-01
   0.0000E+00  1.8692E+01  2.7358E+02  6.7220E+00  4.0028E+03  0.0000E+00  0.0000E+00  0.0000E+00
   0.0000E+00  1.1535E+01  1.5801E+02  6.7875E+00  3.7994E+03  1.2468E+03  1.0000E+00  6.5545E-01
   0.0000E+00  1.9366E+01  2.8371E+02  6.6898E+00  4.0090E+03  0.0000E+00  0.0000E+00  0.0000E+00
   0.0000E+00  1.1951E+01  1.6385E+02  6.7548E+00  3.8049E+03  1.2474E+03  1.0000E+00  6.5550E-01
   0.0000E+00  2.0039E+01  2.9384E+02  6.6588E+00  4.0149E+03  0.0000E+00  0.0000E+00  0.0000E+00
   0.0000E+00  1.2367E+01  1.6970E+02  6.7234E+00  3.8101E+03  1.2480E+03  1.0000E+00  6.5555E-01
   0.0000E+00  2.0712E+01  3.0398E+02  6.6290E+00  4.0206E+03  0.0000E+00  0.0000E+00  0.0000E+00
   0.0000E+00  1.2782E+01  1.7554E+02  6.6932E+00  3.8152E+03  1.2486E+03  1.0000E+00  6.5560E-01
   0.0000E+00  1.0036E+01  1.4185E+02  7.3565E+00  3.8898E+03  0.0000E+00  0.0000E+00  0.0000E+00
   0.0000E+00  6.1906E+00  8.2042E+01  7.4610E+00  3.7009E+03  1.2243E+03  1.0000E+00  6.5412E-01
   0.0000E+00  1.0732E+01  1.5199E+02  7.2904E+00  3.9014E+03  0.0000E+00  0.0000E+00  0.0000E+00
   0.0000E+00  6.6207E+00  8.7893E+01  7.3943E+00  3.7113E+03  1.2255E+03  1.0000E+00  6.5423E-01
   0.0000E+00  1.1428E+01  1.6212E+02  7.2291E+00  3.9123E+03  0.0000E+00  0.0000E+00  0.0000E+00
   0.0000E+00  7.0500E+00  9.3744E+01  7.3325E+00  3.7210E+03  1.2266E+03  1.0000E+00  6.5432E-01
   0.0000E+00  1.2123E+01  1.7225E+02  7.1721E+00  3.9225E+03  0.0000E+00  0.0000E+00  0.0000E+00
   0.0000E+00  7.4787E+00  9.9594E+01  7.2750E+00  3.7301E+03  1.2277E+03  1.0000E+00  6.5441E-01
   0.0000E+00  1.2816E+01  1.8238E+02  7.1189E+00  3.9322E+03  0.0000E+00  0.0000E+00  0.0000E+00
   0.0000E+00  7.9068E+00  1.0544E+02  7.2213E+00  3.7387E+03  1.2287E+03  1.0000E+00  6.5450E-01
   0.0000E+00  1.3509E+01  1.9252E+02  7.0689E+00  3.9413E+03  0.0000E+00  0.0000E+00  0.0000E+00
   0.0000E+00  8.3342E+00  1.1129E+02  7.1709E+00  3.7468E+03  1.2297E+03  1.0000E+00  6.5457E-01
   0.0000E+00  1.4200E+01  2.0265E+02  7.0219E+00  3.9500E+03  0.0000E+00  0.0000E+00  0.0000E+00
   0.0000E+00  8.7611E+00  1.1714E+02  7.1235E+00  3.7545E+03  1.2305E+03  1.0000E+00  6.5465E-01
   0.0000E+00  1.4891E+01  2.1278E+02  6.9776E+00  3.9583E+03  0.0000E+00  0.0000E+00  0.0000E+00
   0.0000E+00  9.1875E+00  1.2299E+02  7.0787E+00  3.7619E+03  1.2314E+03  1.0000E+00  6.5472E-01
   0.0000E+00  1.5581E+01  2.2291E+02  6.9356E+00  3.9661E+03  0.0000E+00  0.0000E+00  0.0000E+00
   0.0000E+00  9.6134E+00  1.2884E+02  7.0363E+00  3.7689E+03  1.2322E+03  1.0000E+00  6.5479E-01
   0.0000E+00  1.6270E+01  2.3305E+02  6.8958E+00  3.9737E+03  0.0000E+00  0.0000E+00  0.0000E+00
   0.0000E+00  1.0039E+01  1.3468E+02  6.9961E+00  3.7756E+03  1.2330E+03  1.0000E+00  6.5485E-01
   0.0000E+00  1.6959E+01  2.4318E+02  6.8579E+00  3.9809E+03  0.0000E+00  0.0000E+00  0.0000E+00
   0.0000E+00  1.0464E+01  1.4053E+02  6.9578E+00  3.7820E+03  1.2337E+03  1.0000E+00  6.5491E-01
   0.0000E+00  1.7646E+01  2.5331E+02  6.8218E+00  3.9879E+03  0.0000E+00  0.0000E+00  0.0000E+00
   0.0000E+00  1.0888E+01  1.4638E+02  6.9213E+00  3.7882E+03  1.2344E+03  1.0000E+00  6.5497E-01
   0.0000E+00  1.8333E+01  2.6344E+02  6.7874E+00  3.9945E+03  0.0000E+00  0.0000E+00  0.0000E+00
   0.0000E+00  1.1313E+01  1.5222E+02  6.8865E+00  3.7941E+03  1.2351E+03  1.0000E+00  6.5503E-01
   0.0000E+00  1.9020E+01  2.7358E+02  6.7544E+00  4.0009E+03  0.0000E+00  0.0000E+00  0.0000E+00
   0.0000E+00  1.1736E+01  1.5807E+02  6.8532E+00  3.7998E+03  1.2357E+03  1.0000E+00  6.5508E-01
   0.0000E+00  1.9706E+01  2.8371E+02  6.7229E+00  4.0071E+03  0.0000E+00  0.0000E+00  0.0000E+00
   0.0000E+00  1.2160E+01  1.6392E+02  6.8213E+00  3.8053E+03  1.2363E+03  1.0000E+00  6.5513E-01
   0.0000E+00  2.0391E+01  2.9384E+02  6.6926E+00  4.0131E+03  0.0000E+00  0.0000E+00  0.0000E+00
   0.0000E+00  1.2583E+01  1.6976E+02  6.7906E+00  3.8106E+03  1.2369E+03  1.0000E+00  6.5518E-01
   0.0000E+00  2.1075E+01  3.0398E+02  6.6635E+00  4.0189E+03  0.0000E+00  0.0000E+00  0.0000E+00
   0.0000E+00  1.3005E+01  1.7561E+02  6.7612E+00  3.8157E+03  1.2375E+03  1.0000E+00  6.5523E-01
   0.0000E+00  1.0209E+01  1.4185E+02  7.3168E+00  3.8836E+03  0.0000E+00  0.0000E+00  0.0000E+00
   0.0000E+00  6.2973E+00  8.2062E+01  7.4353E+00  3.6961E+03  1.2137E+03  1.0000E+00  6.5389E-01
   0.0000E+00  1.0918E+01  1.5199E+02  7.2519E+00  3.8951E+03  0.0000E+00  0.0000E+00  0.0000E+00
   0.0000E+00  6.7348E+00  8.7915E+01  7.3699E+00  3.7065E+03  1.2149E+03  1.0000E+00  6.5399E-01
   0.0000E+00  1.1626E+01  1.6212E+02  7.1919E+00  3.9060E+03  0.0000E+00  0.0000E+00  0.0000E+00
   0.0000E+00  7.1716E+00  9.3767E+01  7.3094E+00  3.7161E+03  1.2160E+03  1.0000E+00  6.5408E-01
   0.0000E+00  1.2332E+01  1.7225E+02  7.1360E+00  3.9162E+03  0.0000E+00  0.0000E+00  0.0000E+00
   0.0000E+00  7.6076E+00  9.9618E+01  7.2531E+00  3.7252E+03  1.2170E+03  1.0000E+00  6.5417E-01
   0.0000E+00  1.3038E+01  1.8238E+02  7.0838E+00  3.9258E+03  0.0000E+00  0.0000E+00  0.0000E+00
   0.0000E+00  8.0431E+00  1.0547E+02  7.2005E+00  3.7338E+03  1.2180E+03  1.0000E+00  6.5425E-01
   0.0000E+00  1.3742E+01  1.9252E+02  7.0349E+00  3.9350E+03  0.0000E+00  0.0000E+00  0.0000E+00
   0.0000E+00  8.4779E+00  1.1132E+02  7.1511E+00  3.7420E+03  1.2190E+03  1.0000E+00  6.5433E-01
   0.0000E+00  1.4446E+01  2.0265E+02  6.9888E+00  3.9436E+03  0.0000E+00  0.0000E+00  0.0000E+00
   0.0000E+00  8.9122E+00  1.1717E+02  7.1047E+00  3.7497E+03  1.2198E+03  1.0000E+00  6.5440E-01
   0.0000E+00  1.5149E+01  2.1278E+02  6.9454E+00  3.9519E+03  0.0000E+00  0.0000E+00  0.0000E+00
   0.0000E+00  9.3459E+00  1.2302E+02  7.0608E+00  3.7570E+03  1.2207E+03  1.0000E+00  6.5447E-01
   0.0000E+00  1.5851E+01  2.2291E+02  6.9042E+00  3.9598E+03  0.0000E+00  0.0000E+00  0.0000E+00
   0.0000E+00  9.7791E+00  1.2887E+02  7.0193E+00  3.7641E+03  1.2215E+03  1.0000E+00  6.5454E-01
   0.0000E+00  1.6552E+01  2.3305E+02  6.8652E+00  3.9673E+03  0.0000E+00  0.0000E+00  0.0000E+00
   0.0000E+00  1.0212E+01  1.3472E+02  6.9799E+00  3.7708E+03  1.2222E+03  1.0000E+00  6.5460E-01
   0.0000E+00  1.7252E+01  2.4318E+02  6.8281E+00  3.9745E+03  0.0000E+00  0.0000E+00  0.0000E+00
   0.0000E+00  1.0644E+01  1.4057E+02  6.9424E+00  3.7772E+03  1.2230E+03  1.0000E+00  6.5466E-01
   0.0000E+00  1.7952E+01  2.5331E+02  6.7928E+00  3.9814E+03  0.0000E+00  0.0000E+00  0.0000E+00
   0.0000E+00  1.1076E+01  1.4642E+02  6.9067E+00  3.7834E+03  1.2237E+03  1.0000E+00  6.5472E-01
   0.0000E+00  1.8651E+01  2.6344E+02  6.7590E+00  3.9881E+03  0.0000E+00  0.0000E+00  0.0000E+00
   0.0000E+00  1.1507E+01  1.5226E+02  6.8726E+00  3.7893E+03  1.2243E+03  1.0000E+00  6.5477E-01
   0.0000E+00  1.9349E+01  2.7358E+02  6.7267E+00  3.9945E+03  0.0000E+00  0.0000E+00  0.0000E+00
   0.0000E+00  1.1939E+01  1.5811E+02  6.8400E+00  3.7950E+03  1.2250E+03  1.0000E+00  6.5482E-01
   0.0000E+00  2.0047E+01  2.8371E+02  6.6958E+00  4.0007E+03  0.0000E+00  0.0000E+00  0.0000E+00
   0.0000E+00  1.2369E+01  1.6396E+02  6.8088E+00  3.8005E+03  1.2256E+03  1.0000E+00  6.5487E-01
   0.0000E+00  2.0744E+01  2.9384E+02  6.6661E+00  4.0067E+03  0.0000E+00  0.0000E+00  0.0000E+00
   0.0000E+00  1.2799E+01  1.6981E+02  6.7788E+00  3.8058E+03  1.2262E+03  1.0000E+00  6.5492E-01
   0.0000E+00  2.1440E+01  3.0398E+02  6.6376E+00  4.0125E+03  0.0000E+00  0.0000E+00  0.0000E+00
   0.0000E+00  1.3229E+01  1.7565E+02  6.7499E+00  3.8110E+03  1.2268E+03  1.0000E+00  6.5497E-01
   0.0000E+00  1.0382E+01  1.4185E+02  7.2355E+00  3.8744E+03  0.0000E+00  0.0000E+00  0.0000E+00
   0.0000E+00  6.4035E+00  8.2076E+01  7.3555E+00  3.6881E+03  1.2034E+03  1.0000E+00  6.5372E-01
   0.0000E+00  1.1103E+01  1.5199E+02  7.1719E+00  3.8859E+03  0.0000E+00  0.0000E+00  0.0000E+00
   0.0000E+00  6.8484E+00  8.7930E+01  7.2914E+00  3.6984E+03  1.2046E+03  1.0000E+00  6.5382E-01
   0.0000E+00  1.1823E+01  1.6212E+02  7.1130E+00  3.8967E+03  0.0000E+00  0.0000E+00  0.0000E+00
   0.0000E+00  7.2925E+00  9.3783E+01  7.2320E+00  3.7080E+03  1.2057E+03  1.0000E+00  6.5391E-01
   0.0000E+00  1.2541E+01  1.7225E+02  7.0582E+00  3.9069E+03  0.0000E+00  0.0000E+00  0.0000E+00
   0.0000E+00  7.7359E+00  9.9636E+01  7.1768E+00  3.7171E+03  1.2067E+03  1.0000E+00  6.5400E-01
   0.0000E+00  1.3259E+01  1.8238E+02  7.0070E+00  3.9164E+03  0.0000E+00  0.0000E+00  0.0000E+00
   0.0000E+00  8.1788E+00  1.0549E+02  7.1252E+00  3.7256E+03  1.2077E+03  1.0000E+00  6.5408E-01
   0.0000E+00  1.3975E+01  1.9252E+02  6.9590E+00  3.9255E+03  0.0000E+00  0.0000E+00  0.0000E+00
   0.0000E+00  8.6210E+00  1.1134E+02  7.0767E+00  3.7337E+03  1.2086E+03  1.0000E+00  6.5416E-01
   0.0000E+00  1.4691E+01  2.0265E+02  6.9138E+00  3.9341E+03  0.0000E+00  0.0000E+00  0.0000E+00
   0.0000E+00  9.0626E+00  1.1719E+02  7.0312E+00  3.7414E+03  1.2095E+03  1.0000E+00  6.5423E-01
   0.0000E+00  1.5406E+01  2.1278E+02  6.8712E+00  3.9423E+03  0.0000E+00  0.0000E+00  0.0000E+00
   0.0000E+00  9.5037E+00  1.2304E+02  6.9881E+00  3.7487E+03  1.2103E+03  1.0000E+00  6.5430E-01
   0.0000E+00  1.6119E+01  2.2291E+02  6.8309E+00  3.9502E+03  0.0000E+00  0.0000E+00  0.0000E+00
   0.0000E+00  9.9443E+00  1.2889E+02  6.9474E+00  3.7557E+03  1.2111E+03  1.0000E+00  6.5436E-01
   0.0000E+00  1.6832E+01  2.3305E+02  6.7926E+00  3.9577E+03  0.0000E+00  0.0000E+00  0.0000E+00
   0.0000E+00  1.0384E+01  1.3474E+02  6.9088E+00  3.7624E+03  1.2119E+03  1.0000E+00  6.5442E-01
   0.0000E+00  1.7545E+01  2.4318E+02  6.7562E+00  3.9648E+03  0.0000E+00  0.0000E+00  0.0000E+00
   0.0000E+00  1.0824E+01  1.4059E+02  6.8720E+00  3.7688E+03  1.2126E+03  1.0000E+00  6.5448E-01
   0.0000E+00  1.8256E+01  2.5331E+02  6.7215E+00  3.9717E+03  0.0000E+00  0.0000E+00  0.0000E+00
   0.0000E+00  1.1263E+01  1.4644E+02  6.8370E+00  3.7749E+03  1.2133E+03  1.0000E+00  6.5454E-01
   0.0000E+00  1.8967E+01  2.6344E+02  6.6884E+00  3.9784E+03  0.0000E+00  0.0000E+00  0.0000E+00
   0.0000E+00  1.1702E+01  1.5229E+02  6.8035E+00  3.7808E+03  1.2140E+03  1.0000E+00  6.5459E-01
   0.0000E+00  1.9677E+01  2.7358E+02  6.6567E+00  3.9847E+03  0.0000E+00  0.0000E+00  0.0000E+00
   0.0000E+00  1.2140E+01  1.5814E+02  6.7715E+00  3.7865E+03  1.2146E+03  1.0000E+00  6.5465E-01
   0.0000E+00  2.0387E+01  2.8371E+02  6.6263E+00  3.9909E+03  0.0000E+00  0.0000E+00  0.0000E+00
   0.0000E+00  1.2578E+01  1.6399E+02  6.7408E+00  3.7920E+03  1.2152E+03  1.0000E+00  6.5470E-01
   0.0000E+00  2.1096E+01  2.9384E+02  6.5972E+00  3.9968E+03  0.0000E+00  0.0000E+00  0.0000E+00
   0.0000E+00  1.3016E+01  1.6984E+02  6.7114E+00  3.7973E+03  1.2158E+03  1.0000E+00  6.5474E-01
   0.0000E+00  2.1804E+01  3.0398E+02  6.5692E+00  4.0026E+03  0.0000E+00  0.0000E+00  0.0000E+00
   0.0000E+00  1.3453E+01  1.7569E+02  6.6831E+00  3.8024E+03  1.2163E+03  1.0000E+00  6.5479E-01
   0.0000E+00  1.0553E+01  1.4185E+02  7.1257E+00  3.8631E+03  0.0000E+00  0.0000E+00  0.0000E+00
   0.0000E+00  6.5086E+00  8.2086E+01  7.2387E+00  3.6777E+03  1.1935E+03  1.0000E+00  6.5360E-01
   0.0000E+00  1.1286E+01  1.5199E+02  7.0633E+00  3.8745E+03  0.0000E+00  0.0000E+00  0.0000E+00
   0.0000E+00  6.9609E+00  8.7940E+01  7.1758E+00  3.6879E+03  1.1947E+03  1.0000E+00  6.5370E-01
   0.0000E+00  1.2018E+01  1.6212E+02  7.0055E+00  3.8852E+03  0.0000E+00  0.0000E+00  0.0000E+00
   0.0000E+00  7.4124E+00  9.3794E+01  7.1175E+00  3.6974E+03  1.1958E+03  1.0000E+00  6.5380E-01
   0.0000E+00  1.2748E+01  1.7225E+02  6.9518E+00  3.8953E+03  0.0000E+00  0.0000E+00  0.0000E+00
   0.0000E+00  7.8632E+00  9.9647E+01  7.0633E+00  3.7064E+03  1.1968E+03  1.0000E+00  6.5388E-01
   0.0000E+00  1.3478E+01  1.8238E+02  6.9016E+00  3.9048E+03  0.0000E+00  0.0000E+00  0.0000E+00
   0.0000E+00  8.3133E+00  1.0550E+02  7.0127E+00  3.7149E+03  1.1978E+03  1.0000E+00  6.5396E-01
   0.0000E+00  1.4206E+01  1.9252E+02  6.8544E+00  3.9138E+03  0.0000E+00  0.0000E+00  0.0000E+00
   0.0000E+00  8.7629E+00  1.1135E+02  6.9651E+00  3.7229E+03  1.1987E+03  1.0000E+00  6.5404E-01
   0.0000E+00  1.4934E+01  2.0265E+02  6.8101E+00  3.9223E+03  0.0000E+00  0.0000E+00  0.0000E+00
   0.0000E+00  9.2118E+00  1.1720E+02  6.9204E+00  3.7305E+03  1.1996E+03  1.0000E+00  6.5411E-01
   0.0000E+00  1.5660E+01  2.1278E+02  6.7683E+00  3.9304E+03  0.0000E+00  0.0000E+00  0.0000E+00
   0.0000E+00  9.6603E+00  1.2306E+02  6.8781E+00  3.7378E+03  1.2004E+03  1.0000E+00  6.5418E-01
   0.0000E+00  1.6386E+01  2.2291E+02  6.7287E+00  3.9382E+03  0.0000E+00  0.0000E+00  0.0000E+00
   0.0000E+00  1.0108E+01  1.2891E+02  6.8382E+00  3.7447E+03  1.2012E+03  1.0000E+00  6.5424E-01
   0.0000E+00  1.7111E+01  2.3305E+02  6.6911E+00  3.9456E+03  0.0000E+00  0.0000E+00  0.0000E+00
   0.0000E+00  1.0556E+01  1.3476E+02  6.8002E+00  3.7513E+03  1.2019E+03  1.0000E+00  6.5431E-01
   0.0000E+00  1.7835E+01  2.4318E+02  6.6554E+00  3.9527E+03  0.0000E+00  0.0000E+00  0.0000E+00
   0.0000E+00  1.1002E+01  1.4061E+02  6.7641E+00  3.7576E+03  1.2026E+03  1.0000E+00  6.5436E-01
   0.0000E+00  1.8558E+01  2.5331E+02  6.6213E+00  3.9596E+03  0.0000E+00  0.0000E+00  0.0000E+00
   0.0000E+00  1.1449E+01  1.4646E+02  6.7297E+00  3.7637E+03  1.2033E+03  1.0000E+00  6.5442E-01
   0.0000E+00  1.9281E+01  2.6344E+02  6.5888E+00  3.9661E+03  0.0000E+00  0.0000E+00  0.0000E+00
   0.0000E+00  1.1895E+01  1.5231E+02  6.6968E+00  3.7695E+03  1.2039E+03  1.0000E+00  6.5447E-01
   0.0000E+00  2.0003E+01  2.7358E+02  6.5577E+00  3.9724E+03  0.0000E+00  0.0000E+00  0.0000E+00
   0.0000E+00  1.2341E+01  1.5816E+02  6.6654E+00  3.7752E+03  1.2046E+03  1.0000E+00  6.5453E-01
   0.0000E+00  2.0725E+01  2.8371E+02  6.5279E+00  3.9785E+03  0.0000E+00  0.0000E+00  0.0000E+00
   0.0000E+00  1.2786E+01  1.6401E+02  6.6353E+00  3.7806E+03  1.2052E+03  1.0000E+00  6.5457E-01
   0.0000E+00  2.1445E+01  2.9384E+02  6.4993E+00  3.9844E+03  0.0000E+00  0.0000E+00  0.0000E+00
   0.0000E+00  1.3231E+01  1.6986E+02  6.6064E+00  3.7858E+03  1.2058E+03  1.0000E+00  6.5462E-01
   0.0000E+00  2.2166E+01  3.0398E+02  6.4718E+00  3.9901E+03  0.0000E+00  0.0000E+00  0.0000E+00
   0.0000E+00  1.3675E+01  1.7571E+02  6.5786E+00  3.7909E+03  1.2063E+03  1.0000E+00  6.5467E-01
   0.0000E+00  1.0722E+01  1.4185E+02  6.9967E+00  3.8502E+03  0.0000E+00  0.0000E+00  0.0000E+00
   0.0000E+00  6.6126E+00  8.2092E+01  7.0973E+00  3.6655E+03  1.1840E+03  1.0000E+00  6.5353E-01
   0.0000E+00  1.1467E+01  1.5199E+02  6.9355E+00  3.8615E+03  0.0000E+00  0.0000E+00  0.0000E+00
   0.0000E+00  7.0721E+00  8.7947E+01  7.0355E+00  3.6756E+03  1.1852E+03  1.0000E+00  6.5363E-01
   0.0000E+00  1.2210E+01  1.6212E+02  6.8789E+00  3.8721E+03  0.0000E+00  0.0000E+00  0.0000E+00
   0.0000E+00  7.5309E+00  9.3801E+01  6.9784E+00  3.6850E+03  1.1863E+03  1.0000E+00  6.5372E-01
   0.0000E+00  1.2953E+01  1.7225E+02  6.8261E+00  3.8820E+03  0.0000E+00  0.0000E+00  0.0000E+00
   0.0000E+00  7.9890E+00  9.9655E+01  6.9252E+00  3.6938E+03  1.1873E+03  1.0000E+00  6.5380E-01
   0.0000E+00  1.3694E+01  1.8238E+02  6.7768E+00  3.8914E+03  0.0000E+00  0.0000E+00  0.0000E+00
   0.0000E+00  8.4465E+00  1.0551E+02  6.8754E+00  3.7022E+03  1.1883E+03  1.0000E+00  6.5389E-01
   0.0000E+00  1.4434E+01  1.9252E+02  6.7306E+00  3.9003E+03  0.0000E+00  0.0000E+00  0.0000E+00
   0.0000E+00  8.9033E+00  1.1136E+02  6.8288E+00  3.7101E+03  1.1891E+03  1.0000E+00  6.5396E-01
   0.0000E+00  1.5174E+01  2.0265E+02  6.6871E+00  3.9087E+03  0.0000E+00  0.0000E+00  0.0000E+00
   0.0000E+00  9.3595E+00  1.1721E+02  6.7848E+00  3.7177E+03  1.1900E+03  1.0000E+00  6.5403E-01
   0.0000E+00  1.5912E+01  2.1278E+02  6.6460E+00  3.9168E+03  0.0000E+00  0.0000E+00  0.0000E+00
   0.0000E+00  9.8152E+00  1.2307E+02  6.7434E+00  3.7248E+03  1.1908E+03  1.0000E+00  6.5410E-01
   0.0000E+00  1.6650E+01  2.2291E+02  6.6072E+00  3.9244E+03  0.0000E+00  0.0000E+00  0.0000E+00
   0.0000E+00  1.0270E+01  1.2892E+02  6.7041E+00  3.7316E+03  1.1916E+03  1.0000E+00  6.5417E-01
   0.0000E+00  1.7386E+01  2.3305E+02  6.5703E+00  3.9318E+03  0.0000E+00  0.0000E+00  0.0000E+00
   0.0000E+00  1.0725E+01  1.3477E+02  6.6668E+00  3.7382E+03  1.1923E+03  1.0000E+00  6.5423E-01
   0.0000E+00  1.8122E+01  2.4318E+02  6.5352E+00  3.9388E+03  0.0000E+00  0.0000E+00  0.0000E+00
   0.0000E+00  1.1179E+01  1.4062E+02  6.6314E+00  3.7444E+03  1.1930E+03  1.0000E+00  6.5429E-01
   0.0000E+00  1.8857E+01  2.5331E+02  6.5017E+00  3.9455E+03  0.0000E+00  0.0000E+00  0.0000E+00
   0.0000E+00  1.1633E+01  1.4647E+02  6.5976E+00  3.7504E+03  1.1937E+03  1.0000E+00  6.5434E-01
   0.0000E+00  1.9592E+01  2.6344E+02  6.4698E+00  3.9520E+03  0.0000E+00  0.0000E+00  0.0000E+00
   0.0000E+00  1.2086E+01  1.5232E+02  6.5653E+00  3.7562E+03  1.1943E+03  1.0000E+00  6.5440E-01
   0.0000E+00  2.0326E+01  2.7358E+02  6.4393E+00  3.9583E+03  0.0000E+00  0.0000E+00  0.0000E+00
   0.0000E+00  1.2539E+01  1.5817E+02  6.5344E+00  3.7618E+03  1.1949E+03  1.0000E+00  6.5445E-01
   0.0000E+00  2.1059E+01  2.8371E+02  6.4100E+00  3.9643E+03  0.0000E+00  0.0000E+00  0.0000E+00
   0.0000E+00  1.2992E+01  1.6402E+02  6.5048E+00  3.7671E+03  1.1955E+03  1.0000E+00  6.5450E-01
   0.0000E+00  2.1792E+01  2.9384E+02  6.3819E+00  3.9701E+03  0.0000E+00  0.0000E+00  0.0000E+00
   0.0000E+00  1.3444E+01  1.6987E+02  6.4764E+00  3.7723E+03  1.1961E+03  1.0000E+00  6.5455E-01
   0.0000E+00  2.2523E+01  3.0398E+02  6.3549E+00  3.9757E+03  0.0000E+00  0.0000E+00  0.0000E+00
   0.0000E+00  1.3896E+01  1.7572E+02  6.4491E+00  3.7773E+03  1.1966E+03  1.0000E+00  6.5459E-01
   0.0000E+00  1.0889E+01  1.4185E+02  6.8553E+00  3.8361E+03  0.0000E+00  0.0000E+00  0.0000E+00
   0.0000E+00  6.7152E+00  8.2095E+01  6.9399E+00  3.6519E+03  1.1749E+03  1.0000E+00  6.5348E-01
   0.0000E+00  1.1645E+01  1.5199E+02  6.7953E+00  3.8472E+03  0.0000E+00  0.0000E+00  0.0000E+00
   0.0000E+00  7.1820E+00  8.7950E+01  6.8793E+00  3.6618E+03  1.1761E+03  1.0000E+00  6.5358E-01
   0.0000E+00  1.2401E+01  1.6212E+02  6.7397E+00  3.8576E+03  0.0000E+00  0.0000E+00  0.0000E+00
   0.0000E+00  7.6480E+00  9.3805E+01  6.8233E+00  3.6711E+03  1.1771E+03  1.0000E+00  6.5367E-01
   0.0000E+00  1.3155E+01  1.7225E+02  6.6879E+00  3.8674E+03  0.0000E+00  0.0000E+00  0.0000E+00
   0.0000E+00  8.1133E+00  9.9659E+01  6.7711E+00  3.6798E+03  1.1781E+03  1.0000E+00  6.5376E-01
   0.0000E+00  1.3908E+01  1.8238E+02  6.6396E+00  3.8767E+03  0.0000E+00  0.0000E+00  0.0000E+00
   0.0000E+00  8.5779E+00  1.0551E+02  6.7222E+00  3.6881E+03  1.1791E+03  1.0000E+00  6.5384E-01
   0.0000E+00  1.4660E+01  1.9252E+02  6.5942E+00  3.8855E+03  0.0000E+00  0.0000E+00  0.0000E+00
   0.0000E+00  9.0420E+00  1.1137E+02  6.6765E+00  3.6959E+03  1.1800E+03  1.0000E+00  6.5392E-01
   0.0000E+00  1.5411E+01  2.0265E+02  6.5515E+00  3.8938E+03  0.0000E+00  0.0000E+00  0.0000E+00
   0.0000E+00  9.5054E+00  1.1722E+02  6.6333E+00  3.7033E+03  1.1808E+03  1.0000E+00  6.5399E-01
   0.0000E+00  1.6161E+01  2.1278E+02  6.5112E+00  3.9017E+03  0.0000E+00  0.0000E+00  0.0000E+00
   0.0000E+00  9.9683E+00  1.2307E+02  6.5926E+00  3.7103E+03  1.1816E+03  1.0000E+00  6.5406E-01
   0.0000E+00  1.6910E+01  2.2291E+02  6.4731E+00  3.9093E+03  0.0000E+00  0.0000E+00  0.0000E+00
   0.0000E+00  1.0431E+01  1.2892E+02  6.5541E+00  3.7171E+03  1.1823E+03  1.0000E+00  6.5412E-01
   0.0000E+00  1.7658E+01  2.3305E+02  6.4369E+00  3.9165E+03  0.0000E+00  0.0000E+00  0.0000E+00
   0.0000E+00  1.0892E+01  1.3477E+02  6.5175E+00  3.7235E+03  1.1831E+03  1.0000E+00  6.5419E-01
   0.0000E+00  1.8406E+01  2.4318E+02  6.4024E+00  3.9234E+03  0.0000E+00  0.0000E+00  0.0000E+00
   0.0000E+00  1.1354E+01  1.4062E+02  6.4827E+00  3.7297E+03  1.1838E+03  1.0000E+00  6.5425E-01
   0.0000E+00  1.9153E+01  2.5331E+02  6.3696E+00  3.9301E+03  0.0000E+00  0.0000E+00  0.0000E+00
   0.0000E+00  1.1815E+01  1.4648E+02  6.4495E+00  3.7356E+03  1.1844E+03  1.0000E+00  6.5430E-01
   8.9007E+00  1.9899E+01  2.6344E+02  6.3382E+00  3.9365E+03  0.0000E+00  0.0000E+00  0.0000E+00
   5.5092E+00  1.2275E+01  1.5233E+02  6.4178E+00  3.7413E+03  1.1850E+03  1.0000E+00  6.5436E-01
   9.5272E+00  2.0645E+01  2.7358E+02  6.3083E+00  3.9426E+03  0.0000E+00  0.0000E+00  0.0000E+00
   5.8975E+00  1.2735E+01  1.5818E+02  6.3874E+00  3.7467E+03  1.1857E+03  1.0000E+00  6.5441E-01
   1.0153E+01  2.1389E+01  2.8371E+02  6.2795E+00  3.9486E+03  0.0000E+00  0.0000E+00  0.0000E+00
   6.2856E+00  1.3195E+01  1.6403E+02  6.3584E+00  3.7520E+03  1.1862E+03  1.0000E+00  6.5446E-01
   1.0779E+01  2.2134E+01  2.9384E+02  6.2519E+00  3.9543E+03  0.0000E+00  0.0000E+00  0.0000E+00
   6.6734E+00  1.3654E+01  1.6988E+02  6.3305E+00  3.7571E+03  1.1868E+03  1.0000E+00  6.5451E-01
   1.1404E+01  2.2877E+01  3.0398E+02  6.2254E+00  3.9598E+03  0.0000E+00  0.0000E+00  0.0000E+00
   7.0610E+00  1.4113E+01  1.7573E+02  6.3036E+00  3.7620E+03  1.1873E+03  1.0000E+00  6.5455E-01
   1.2030E+01  1.1053E+01  1.4185E+02  6.7060E+00  3.8209E+03  0.0000E+00  0.0000E+00  0.0000E+00
   7.4484E+00  6.8163E+00  8.2096E+01  6.7727E+00  3.6372E+03  1.1662E+03  1.0000E+00  6.5346E-01
   1.2654E+01  1.1821E+01  1.5199E+02  6.6472E+00  3.8319E+03  0.0000E+00  0.0000E+00  0.0000E+00
   7.8357E+00  7.2903E+00  8.7951E+01  6.7133E+00  3.6470E+03  1.1673E+03  1.0000E+00  6.5356E-01
   1.3279E+01  1.2588E+01  1.6212E+02  6.5927E+00  3.8422E+03  0.0000E+00  0.0000E+00  0.0000E+00
   8.2228E+00  7.7634E+00  9.3806E+01  6.6583E+00  3.6561E+03  1.1683E+03  1.0000E+00  6.5366E-01
   1.3903E+01  1.3354E+01  1.7225E+02  6.5420E+00  3.8519E+03  0.0000E+00  0.0000E+00  0.0000E+00
   8.6097E+00  8.2359E+00  9.9660E+01  6.6071E+00  3.6647E+03  1.1693E+03  1.0000E+00  6.5374E-01
   1.4527E+01  1.4118E+01  1.8238E+02  6.4945E+00  3.8610E+03  0.0000E+00  0.0000E+00  0.0000E+00
   8.9965E+00  8.7076E+00  1.0551E+02  6.5593E+00  3.6728E+03  1.1702E+03  1.0000E+00  6.5383E-01
   1.5150E+01  1.4882E+01  1.9252E+02  6.4501E+00  3.8696E+03  0.0000E+00  0.0000E+00  0.0000E+00
   9.3831E+00  9.1788E+00  1.1137E+02  6.5144E+00  3.6805E+03  1.1711E+03  1.0000E+00  6.5390E-01
   1.5774E+01  1.5645E+01  2.0265E+02  6.4082E+00  3.8778E+03  0.0000E+00  0.0000E+00  0.0000E+00
   9.7697E+00  9.6493E+00  1.1722E+02  6.4721E+00  3.6878E+03  1.1719E+03  1.0000E+00  6.5398E-01
   1.6397E+01  1.6406E+01  2.1278E+02  6.3686E+00  3.8856E+03  0.0000E+00  0.0000E+00  0.0000E+00
   1.0156E+01  1.0119E+01  1.2307E+02  6.4321E+00  3.6947E+03  1.1727E+03  1.0000E+00  6.5405E-01
   1.7020E+01  1.7167E+01  2.2291E+02  6.3312E+00  3.8931E+03  0.0000E+00  0.0000E+00  0.0000E+00
   1.0542E+01  1.0589E+01  1.2892E+02  6.3943E+00  3.7013E+03  1.1735E+03  1.0000E+00  6.5411E-01
   1.7643E+01  1.7927E+01  2.3305E+02  6.2957E+00  3.9002E+03  0.0000E+00  0.0000E+00  0.0000E+00
   1.0929E+01  1.1058E+01  1.3477E+02  6.3584E+00  3.7077E+03  1.1742E+03  1.0000E+00  6.5417E-01
   1.8265E+01  1.8686E+01  2.4318E+02  6.2619E+00  3.9070E+03  0.0000E+00  0.0000E+00  0.0000E+00
   1.1315E+01  1.1526E+01  1.4063E+02  6.3243E+00  3.7137E+03  1.1749E+03  1.0000E+00  6.5423E-01
   1.8888E+01  1.9444E+01  2.5331E+02  6.2297E+00  3.9136E+03  0.0000E+00  0.0000E+00  0.0000E+00
   1.1701E+01  1.1994E+01  1.4648E+02  6.2917E+00  3.7195E+03  1.1755E+03  1.0000E+00  6.5429E-01
   8.9137E+00  2.0202E+01  2.6344E+02  6.1989E+00  3.9198E+03  0.0000E+00  0.0000E+00  0.0000E+00
   5.5114E+00  1.2462E+01  1.5233E+02  6.2606E+00  3.7251E+03  1.1761E+03  1.0000E+00  6.5435E-01
   9.5390E+00  2.0959E+01  2.7358E+02  6.1695E+00  3.9259E+03  0.0000E+00  0.0000E+00  0.0000E+00
   5.8985E+00  1.2929E+01  1.5818E+02  6.2308E+00  3.7305E+03  1.1767E+03  1.0000E+00  6.5440E-01
   1.0164E+01  2.1716E+01  2.8371E+02  6.1413E+00  3.9317E+03  0.0000E+00  0.0000E+00  0.0000E+00
   6.2851E+00  1.3396E+01  1.6403E+02  6.2023E+00  3.7357E+03  1.1773E+03  1.0000E+00  6.5445E-01
   1.0788E+01  2.2471E+01  2.9384E+02  6.1142E+00  3.9374E+03  0.0000E+00  0.0000E+00  0.0000E+00
   6.6715E+00  1.3862E+01  1.6988E+02  6.1749E+00  3.7407E+03  1.1779E+03  1.0000E+00  6.5450E-01
   1.1412E+01  2.3226E+01  3.0398E+02  6.0882E+00  3.9428E+03  0.0000E+00  0.0000E+00  0.0000E+00
   7.0576E+00  1.4328E+01  1.7573E+02  6.1486E+00  3.7455E+03  1.1784E+03  1.0000E+00  6.5454E-01
   1.2035E+01  1.1215E+01  1.4185E+02  6.5524E+00  3.8051E+03  0.0000E+00  0.0000E+00  0.0000E+00
   7.4435E+00  6.9160E+00  8.2095E+01  6.6000E+00  3.6217E+03  1.1577E+03  1.0000E+00  6.5347E-01
   1.2658E+01  1.1995E+01  1.5199E+02  6.4947E+00  3.8159E+03  0.0000E+00  0.0000E+00  0.0000E+00
   7.8291E+00  7.3970E+00  8.7950E+01  6.5418E+00  3.6313E+03  1.1588E+03  1.0000E+00  6.5357E-01
   1.3280E+01  1.2773E+01  1.6212E+02  6.4413E+00  3.8260E+03  0.0000E+00  0.0000E+00  0.0000E+00
   8.2145E+00  7.8772E+00  9.3805E+01  6.4880E+00  3.6402E+03  1.1599E+03  1.0000E+00  6.5366E-01
   1.3902E+01  1.3550E+01  1.7225E+02  6.3916E+00  3.8355E+03  0.0000E+00  0.0000E+00  0.0000E+00
   8.5997E+00  8.3567E+00  9.9658E+01  6.4378E+00  3.6487E+03  1.1608E+03  1.0000E+00  6.5375E-01
   1.4524E+01  1.4326E+01  1.8238E+02  6.3451E+00  3.8445E+03  0.0000E+00  0.0000E+00  0.0000E+00
   8.9847E+00  8.8355E+00  1.0551E+02  6.3909E+00  3.6567E+03  1.1617E+03  1.0000E+00  6.5383E-01
   1.5145E+01  1.5101E+01  1.9252E+02  6.3015E+00  3.8530E+03  0.0000E+00  0.0000E+00  0.0000E+00
   9.3694E+00  9.3137E+00  1.1136E+02  6.3469E+00  3.6642E+03  1.1626E+03  1.0000E+00  6.5391E-01
   1.5767E+01  1.5875E+01  2.0265E+02  6.2604E+00  3.8610E+03  0.0000E+00  0.0000E+00  0.0000E+00
   9.7541E+00  9.7913E+00  1.1722E+02  6.3054E+00  3.6713E+03  1.1634E+03  1.0000E+00  6.5399E-01
   1.6387E+01  1.6648E+01  2.1278E+02  6.2217E+00  3.8687E+03  0.0000E+00  0.0000E+00  0.0000E+00
   1.0139E+01  1.0268E+01  1.2307E+02  6.2663E+00  3.6782E+03  1.1642E+03  1.0000E+00  6.5406E-01
   1.7008E+01  1.7420E+01  2.2291E+02  6.1850E+00  3.8760E+03  0.0000E+00  0.0000E+00  0.0000E+00
   1.0523E+01  1.0745E+01  1.2892E+02  6.2292E+00  3.6846E+03  1.1649E+03  1.0000E+00  6.5412E-01
   1.7628E+01  1.8192E+01  2.3305E+02  6.1501E+00  3.8830E+03  0.0000E+00  0.0000E+00  0.0000E+00
   1.0907E+01  1.1221E+01  1.3477E+02  6.1940E+00  3.6909E+03  1.1656E+03  1.0000E+00  6.5419E-01
   1.8248E+01  1.8962E+01  2.4318E+02  6.1170E+00  3.8898E+03  0.0000E+00  0.0000E+00  0.0000E+00
   1.1291E+01  1.1696E+01  1.4062E+02  6.1605E+00  3.6968E+03  1.1663E+03  1.0000E+00  6.5425E-01
   1.8868E+01  1.9732E+01  2.5331E+02  6.0854E+00  3.8962E+03  0.0000E+00  0.0000E+00  0.0000E+00
   1.1675E+01  1.2171E+01  1.4647E+02  6.1286E+00  3.7025E+03  1.1669E+03  1.0000E+00  6.5430E-01
   8.9774E+00  2.0501E+01  2.6344E+02  6.0552E+00  3.9024E+03  0.0000E+00  0.0000E+00  0.0000E+00
   5.5467E+00  1.2646E+01  1.5232E+02  6.0981E+00  3.7080E+03  1.1676E+03  1.0000E+00  6.5436E-01
   9.6053E+00  2.1270E+01  2.7358E+02  6.0264E+00  3.9083E+03  0.0000E+00  0.0000E+00  0.0000E+00
   5.9350E+00  1.3120E+01  1.5817E+02  6.0689E+00  3.7133E+03  1.1681E+03  1.0000E+00  6.5441E-01
   1.0232E+01  2.2037E+01  2.8371E+02  5.9987E+00  3.9141E+03  0.0000E+00  0.0000E+00  0.0000E+00
   6.3228E+00  1.3594E+01  1.6402E+02  6.0410E+00  3.7183E+03  1.1687E+03  1.0000E+00  6.5446E-01
   1.0859E+01  2.2804E+01  2.9384E+02  5.9721E+00  3.9196E+03  0.0000E+00  0.0000E+00  0.0000E+00
   6.7102E+00  1.4067E+01  1.6987E+02  6.0141E+00  3.7232E+03  1.1693E+03  1.0000E+00  6.5451E-01
   1.1485E+01  2.3571E+01  3.0398E+02  5.9466E+00  3.9250E+03  0.0000E+00  0.0000E+00  0.0000E+00
   7.0973E+00  1.4541E+01  1.7572E+02  5.9883E+00  3.7280E+03  1.1698E+03  1.0000E+00  6.5456E-01
   1.2110E+01  1.1375E+01  1.4185E+02  6.3968E+00  3.7886E+03  0.0000E+00  0.0000E+00  0.0000E+00
   7.4841E+00  7.0143E+00  8.2093E+01  6.4248E+00  3.6055E+03  1.1496E+03  1.0000E+00  6.5349E-01
   1.2735E+01  1.2165E+01  1.5199E+02  6.3403E+00  3.7993E+03  0.0000E+00  0.0000E+00  0.0000E+00
   7.8705E+00  7.5022E+00  8.7947E+01  6.3679E+00  3.6149E+03  1.1507E+03  1.0000E+00  6.5359E-01
   1.3359E+01  1.2955E+01  1.6212E+02  6.2880E+00  3.8092E+03  0.0000E+00  0.0000E+00  0.0000E+00
   8.2567E+00  7.9894E+00  9.3801E+01  6.3152E+00  3.6237E+03  1.1517E+03  1.0000E+00  6.5369E-01
   1.3983E+01  1.3743E+01  1.7225E+02  6.2393E+00  3.8185E+03  0.0000E+00  0.0000E+00  0.0000E+00
   8.6426E+00  8.4758E+00  9.9655E+01  6.2661E+00  3.6320E+03  1.1527E+03  1.0000E+00  6.5378E-01
   1.4606E+01  1.4531E+01  1.8238E+02  6.1937E+00  3.8274E+03  0.0000E+00  0.0000E+00  0.0000E+00
   9.0282E+00  8.9616E+00  1.0551E+02  6.2202E+00  3.6398E+03  1.1536E+03  1.0000E+00  6.5386E-01
   1.5229E+01  1.5317E+01  1.9252E+02  6.1510E+00  3.8357E+03  0.0000E+00  0.0000E+00  0.0000E+00
   9.4136E+00  9.4467E+00  1.1136E+02  6.1771E+00  3.6472E+03  1.1544E+03  1.0000E+00  6.5394E-01
   1.5852E+01  1.6102E+01  2.0265E+02  6.1107E+00  3.8436E+03  0.0000E+00  0.0000E+00  0.0000E+00
   9.7987E+00  9.9312E+00  1.1721E+02  6.1365E+00  3.6542E+03  1.1552E+03  1.0000E+00  6.5402E-01
   1.6474E+01  1.6887E+01  2.1278E+02  6.0728E+00  3.8512E+03  0.0000E+00  0.0000E+00  0.0000E+00
   1.0184E+01  1.0415E+01  1.2306E+02  6.0981E+00  3.6609E+03  1.1560E+03  1.0000E+00  6.5409E-01
   1.7096E+01  1.7670E+01  2.2291E+02  6.0368E+00  3.8584E+03  0.0000E+00  0.0000E+00  0.0000E+00
   1.0568E+01  1.0899E+01  1.2891E+02  6.0618E+00  3.6672E+03  1.1567E+03  1.0000E+00  6.5416E-01
   1.7718E+01  1.8453E+01  2.3305E+02  6.0026E+00  3.8653E+03  0.0000E+00  0.0000E+00  0.0000E+00
   1.0953E+01  1.1382E+01  1.3477E+02  6.0274E+00  3.6733E+03  1.1574E+03  1.0000E+00  6.5422E-01
   1.8339E+01  1.9234E+01  2.4318E+02  5.9702E+00  3.8719E+03  0.0000E+00  0.0000E+00  0.0000E+00
   1.1337E+01  1.1864E+01  1.4062E+02  5.9946E+00  3.6791E+03  1.1581E+03  1.0000E+00  6.5428E-01
   1.8960E+01  2.0016E+01  2.5331E+02  5.9392E+00  3.8782E+03  0.0000E+00  0.0000E+00  0.0000E+00
   1.1721E+01  1.2346E+01  1.4647E+02  5.9633E+00  3.6847E+03  1.1587E+03  1.0000E+00  6.5434E-01
   9.0798E+00  2.0796E+01  2.6344E+02  5.9096E+00  3.8842E+03  0.0000E+00  0.0000E+00  0.0000E+00
   5.6072E+00  1.2828E+01  1.5232E+02  5.9334E+00  3.6901E+03  1.1593E+03  1.0000E+00  6.5440E-01
   9.7132E+00  2.1576E+01  2.7358E+02  5.8813E+00  3.8901E+03  0.0000E+00  0.0000E+00  0.0000E+00
   5.9986E+00  1.3309E+01  1.5817E+02  5.9048E+00  3.6953E+03  1.1599E+03  1.0000E+00  6.5445E-01
   1.0346E+01  2.2355E+01  2.8371E+02  5.8542E+00  3.8957E+03  0.0000E+00  0.0000E+00  0.0000E+00
   6.3896E+00  1.3790E+01  1.6401E+02  5.8774E+00  3.7002E+03  1.1604E+03  1.0000E+00  6.5450E-01
   1.0978E+01  2.3133E+01  2.9384E+02  5.8282E+00  3.9012E+03  0.0000E+00  0.0000E+00  0.0000E+00
   6.7801E+00  1.4270E+01  1.6986E+02  5.8511E+00  3.7050E+03  1.1610E+03  1.0000E+00  6.5455E-01
   1.1609E+01  2.3911E+01  3.0398E+02  5.8031E+00  3.9064E+03  0.0000E+00  0.0000E+00  0.0000E+00
   7.1701E+00  1.4750E+01  1.7571E+02  5.8258E+00  3.7097E+03  1.1615E+03  1.0000E+00  6.5460E-01
   1.2239E+01  1.1532E+01  1.4185E+02  6.2409E+00  3.7717E+03  0.0000E+00  0.0000E+00  0.0000E+00
   7.5598E+00  7.1110E+00  8.2088E+01  6.2495E+00  3.5887E+03  1.1418E+03  1.0000E+00  6.5354E-01
   1.2869E+01  1.2334E+01  1.5199E+02  6.1856E+00  3.7822E+03  0.0000E+00  0.0000E+00  0.0000E+00
   7.9491E+00  7.6058E+00  8.7942E+01  6.1938E+00  3.5979E+03  1.1429E+03  1.0000E+00  6.5364E-01
   1.3498E+01  1.3134E+01  1.6212E+02  6.1344E+00  3.7919E+03  0.0000E+00  0.0000E+00  0.0000E+00
   8.3380E+00  8.0999E+00  9.3796E+01  6.1422E+00  3.6066E+03  1.1439E+03  1.0000E+00  6.5374E-01
   1.4127E+01  1.3934E+01  1.7225E+02  6.0867E+00  3.8011E+03  0.0000E+00  0.0000E+00  0.0000E+00
   8.7267E+00  8.5932E+00  9.9649E+01  6.0942E+00  3.6147E+03  1.1448E+03  1.0000E+00  6.5383E-01
   1.4755E+01  1.4732E+01  1.8238E+02  6.0421E+00  3.8098E+03  0.0000E+00  0.0000E+00  0.0000E+00
   9.1150E+00  9.0858E+00  1.0550E+02  6.0492E+00  3.6224E+03  1.1457E+03  1.0000E+00  6.5391E-01
   1.5383E+01  1.5530E+01  1.9252E+02  6.0002E+00  3.8180E+03  0.0000E+00  0.0000E+00  0.0000E+00
   9.5030E+00  9.5778E+00  1.1135E+02  6.0071E+00  3.6296E+03  1.1465E+03  1.0000E+00  6.5399E-01
   1.6010E+01  1.6326E+01  2.0265E+02  5.9608E+00  3.8258E+03  0.0000E+00  0.0000E+00  0.0000E+00
   9.8907E+00  1.0069E+01  1.1720E+02  5.9674E+00  3.6365E+03  1.1473E+03  1.0000E+00  6.5407E-01
   1.6637E+01  1.7122E+01  2.1278E+02  5.9236E+00  3.8332E+03  0.0000E+00  0.0000E+00  0.0000E+00
   1.0278E+01  1.0560E+01  1.2306E+02  5.9299E+00  3.6430E+03  1.1481E+03  1.0000E+00  6.5414E-01
   1.7263E+01  1.7916E+01  2.2291E+02  5.8884E+00  3.8402E+03  0.0000E+00  0.0000E+00  0.0000E+00
   1.0665E+01  1.1050E+01  1.2891E+02  5.8943E+00  3.6492E+03  1.1488E+03  1.0000E+00  6.5421E-01
   1.7889E+01  1.8710E+01  2.3305E+02  5.8549E+00  3.8470E+03  0.0000E+00  0.0000E+00  0.0000E+00
   1.1052E+01  1.1540E+01  1.3476E+02  5.8606E+00  3.6552E+03  1.1495E+03  1.0000E+00  6.5428E-01
   1.8514E+01  1.9503E+01  2.4318E+02  5.8231E+00  3.8534E+03  0.0000E+00  0.0000E+00  0.0000E+00
   1.1439E+01  1.2029E+01  1.4061E+02  5.8285E+00  3.6609E+03  1.1501E+03  1.0000E+00  6.5434E-01
   1.9140E+01  2.0295E+01  2.5331E+02  5.7928E+00  3.8596E+03  0.0000E+00  0.0000E+00  0.0000E+00
   1.1826E+01  1.2518E+01  1.4646E+02  5.7979E+00  3.6664E+03  1.1507E+03  1.0000E+00  6.5440E-01
   9.2101E+00  2.1087E+01  2.6344E+02  5.7638E+00  3.8656E+03  0.0000E+00  0.0000E+00  0.0000E+00
   5.6857E+00  1.3007E+01  1.5231E+02  5.7687E+00  3.6716E+03  1.1513E+03  1.0000E+00  6.5446E-01
   9.8514E+00  2.1877E+01  2.7358E+02  5.7361E+00  3.8713E+03  0.0000E+00  0.0000E+00  0.0000E+00
   6.0819E+00  1.3495E+01  1.5815E+02  5.7407E+00  3.6767E+03  1.1519E+03  1.0000E+00  6.5451E-01
   1.0492E+01  2.2667E+01  2.8371E+02  5.7095E+00  3.8769E+03  0.0000E+00  0.0000E+00  0.0000E+00
   6.4775E+00  1.3982E+01  1.6400E+02  5.7139E+00  3.6815E+03  1.1525E+03  1.0000E+00  6.5456E-01
   1.1131E+01  2.3457E+01  2.9384E+02  5.6840E+00  3.8822E+03  0.0000E+00  0.0000E+00  0.0000E+00
   6.8726E+00  1.4470E+01  1.6985E+02  5.6881E+00  3.6862E+03  1.1530E+03  1.0000E+00  6.5461E-01
   1.1770E+01  2.4246E+01  3.0398E+02  5.6595E+00  3.8874E+03  0.0000E+00  0.0000E+00  0.0000E+00
   7.2672E+00  1.4956E+01  1.7570E+02  5.6634E+00  3.6908E+03  1.1535E+03  1.0000E+00  6.5466E-01
   1.2408E+01  1.1686E+01  1.4185E+02  6.0861E+00  3.7545E+03  0.0000E+00  0.0000E+00  0.0000E+00
   7.6613E+00  7.2064E+00  8.2082E+01  6.0755E+00  3.5715E+03  1.1343E+03  1.0000E+00  6.5360E-01
   1.3045E+01  1.2499E+01  1.5199E+02  6.0320E+00  3.7647E+03  0.0000E+00  0.0000E+00  0.0000E+00
   8.0551E+00  7.7080E+00  8.7936E+01  6.0210E+00  3.5806E+03  1.1353E+03  1.0000E+00  6.5371E-01
   1.3682E+01  1.3311E+01  1.6212E+02  5.9818E+00  3.7743E+03  0.0000E+00  0.0000E+00  0.0000E+00
   8.4484E+00  8.2088E+00  9.3789E+01  5.9706E+00  3.5890E+03  1.1363E+03  1.0000E+00  6.5380E-01
   1.4318E+01  1.4122E+01  1.7225E+02  5.9351E+00  3.7833E+03  0.0000E+00  0.0000E+00  0.0000E+00
   8.8413E+00  8.7088E+00  9.9641E+01  5.9236E+00  3.5970E+03  1.1373E+03  1.0000E+00  6.5390E-01
   1.4953E+01  1.4931E+01  1.8238E+02  5.8915E+00  3.7918E+03  0.0000E+00  0.0000E+00  0.0000E+00
   9.2339E+00  9.2083E+00  1.0549E+02  5.8797E+00  3.6045E+03  1.1381E+03  1.0000E+00  6.5398E-01
   1.5588E+01  1.5739E+01  1.9252E+02  5.8505E+00  3.7999E+03  0.0000E+00  0.0000E+00  0.0000E+00
   9.6262E+00  9.7070E+00  1.1134E+02  5.8385E+00  3.6116E+03  1.1389E+03  1.0000E+00  6.5406E-01
   1.6222E+01  1.6547E+01  2.0265E+02  5.8119E+00  3.8075E+03  0.0000E+00  0.0000E+00  0.0000E+00
   1.0018E+01  1.0205E+01  1.1720E+02  5.7997E+00  3.6183E+03  1.1397E+03  1.0000E+00  6.5414E-01
   1.6856E+01  1.7353E+01  2.1278E+02  5.7755E+00  3.8148E+03  0.0000E+00  0.0000E+00  0.0000E+00
   1.0410E+01  1.0703E+01  1.2305E+02  5.7630E+00  3.6247E+03  1.1405E+03  1.0000E+00  6.5422E-01
   1.7489E+01  1.8159E+01  2.2291E+02  5.7410E+00  3.8217E+03  0.0000E+00  0.0000E+00  0.0000E+00
   1.0801E+01  1.1200E+01  1.2890E+02  5.7283E+00  3.6308E+03  1.1412E+03  1.0000E+00  6.5428E-01
   1.8122E+01  1.8964E+01  2.3305E+02  5.7083E+00  3.8283E+03  0.0000E+00  0.0000E+00  0.0000E+00
   1.1192E+01  1.1696E+01  1.3475E+02  5.6953E+00  3.6366E+03  1.1418E+03  1.0000E+00  6.5435E-01
   1.8754E+01  1.9767E+01  2.4318E+02  5.6771E+00  3.8347E+03  0.0000E+00  0.0000E+00  0.0000E+00
   1.1583E+01  1.2193E+01  1.4059E+02  5.6639E+00  3.6422E+03  1.1425E+03  1.0000E+00  6.5441E-01
   1.9386E+01  2.0571E+01  2.5331E+02  5.6474E+00  3.8407E+03  0.0000E+00  0.0000E+00  0.0000E+00
   1.1973E+01  1.2688E+01  1.4644E+02  5.6340E+00  3.6475E+03  1.1431E+03  1.0000E+00  6.5448E-01
   9.3594E+00  2.1373E+01  2.6344E+02  5.6190E+00  3.8466E+03  0.0000E+00  0.0000E+00  0.0000E+00
   5.7765E+00  1.3183E+01  1.5229E+02  5.6054E+00  3.6526E+03  1.1437E+03  1.0000E+00  6.5453E-01
   1.0010E+01  2.2175E+01  2.7358E+02  5.5919E+00  3.8522E+03  0.0000E+00  0.0000E+00  0.0000E+00
   6.1785E+00  1.3678E+01  1.5814E+02  5.5781E+00  3.6576E+03  1.1442E+03  1.0000E+00  6.5459E-01
   1.0660E+01  2.2976E+01  2.8371E+02  5.5659E+00  3.8576E+03  0.0000E+00  0.0000E+00  0.0000E+00
   6.5799E+00  1.4173E+01  1.6399E+02  5.5519E+00  3.6623E+03  1.1448E+03  1.0000E+00  6.5464E-01
   1.1309E+01  2.3776E+01  2.9384E+02  5.5409E+00  3.8628E+03  0.0000E+00  0.0000E+00  0.0000E+00
   6.9807E+00  1.4667E+01  1.6984E+02  5.5267E+00  3.6669E+03  1.1453E+03  1.0000E+00  6.5470E-01
   1.1957E+01  2.4576E+01  3.0398E+02  5.5169E+00  3.8679E+03  0.0000E+00  0.0000E+00  0.0000E+00
   7.3809E+00  1.5160E+01  1.7568E+02  5.5025E+00  3.6714E+03  1.1458E+03  1.0000E+00  6.5474E-01
   1.2604E+01  1.1839E+01  1.4185E+02  5.9332E+00  3.7369E+03  0.0000E+00  0.0000E+00  0.0000E+00
   7.7807E+00  7.3004E+00  8.2075E+01  5.9039E+00  3.5540E+03  1.1270E+03  1.0000E+00  6.5368E-01
   1.3251E+01  1.2663E+01  1.5199E+02  5.8802E+00  3.7470E+03  0.0000E+00  0.0000E+00  0.0000E+00
   8.1800E+00  7.8086E+00  8.7928E+01  5.8507E+00  3.5628E+03  1.1281E+03  1.0000E+00  6.5379E-01
   1.3897E+01  1.3485E+01  1.6212E+02  5.8311E+00  3.7564E+03  0.0000E+00  0.0000E+00  0.0000E+00
   8.5788E+00  8.3161E+00  9.3780E+01  5.8014E+00  3.5711E+03  1.1290E+03  1.0000E+00  6.5389E-01
   1.4542E+01  1.4307E+01  1.7225E+02  5.7854E+00  3.7652E+03  0.0000E+00  0.0000E+00  0.0000E+00
   8.9773E+00  8.8229E+00  9.9632E+01  5.7555E+00  3.5789E+03  1.1300E+03  1.0000E+00  6.5398E-01
   1.5186E+01  1.5127E+01  1.8238E+02  5.7427E+00  3.7736E+03  0.0000E+00  0.0000E+00  0.0000E+00
   9.3753E+00  9.3290E+00  1.0548E+02  5.7126E+00  3.5862E+03  1.1308E+03  1.0000E+00  6.5407E-01
   1.5830E+01  1.5946E+01  1.9252E+02  5.7027E+00  3.7815E+03  0.0000E+00  0.0000E+00  0.0000E+00
   9.7730E+00  9.8345E+00  1.1133E+02  5.6724E+00  3.5931E+03  1.1316E+03  1.0000E+00  6.5415E-01
   1.6473E+01  1.6764E+01  2.0265E+02  5.6649E+00  3.7890E+03  0.0000E+00  0.0000E+00  0.0000E+00
   1.0170E+01  1.0339E+01  1.1718E+02  5.6344E+00  3.5997E+03  1.1324E+03  1.0000E+00  6.5423E-01
   1.7116E+01  1.7582E+01  2.1278E+02  5.6293E+00  3.7961E+03  0.0000E+00  0.0000E+00  0.0000E+00
   1.0567E+01  1.0844E+01  1.2303E+02  5.5986E+00  3.6060E+03  1.1331E+03  1.0000E+00  6.5431E-01
   1.7758E+01  1.8398E+01  2.2291E+02  5.5955E+00  3.8029E+03  0.0000E+00  0.0000E+00  0.0000E+00
   1.0964E+01  1.1347E+01  1.2888E+02  5.5647E+00  3.6119E+03  1.1338E+03  1.0000E+00  6.5438E-01
   1.8399E+01  1.9214E+01  2.3305E+02  5.5635E+00  3.8093E+03  0.0000E+00  0.0000E+00  0.0000E+00
   1.1360E+01  1.1851E+01  1.3473E+02  5.5325E+00  3.6176E+03  1.1345E+03  1.0000E+00  6.5444E-01
   1.9040E+01  2.0028E+01  2.4318E+02  5.5330E+00  3.8155E+03  0.0000E+00  0.0000E+00  0.0000E+00
   1.1756E+01  1.2353E+01  1.4058E+02  5.5019E+00  3.6230E+03  1.1351E+03  1.0000E+00  6.5451E-01
   1.9681E+01  2.0842E+01  2.5331E+02  5.5040E+00  3.8215E+03  0.0000E+00  0.0000E+00  0.0000E+00
   1.2152E+01  1.2856E+01  1.4643E+02  5.4726E+00  3.6283E+03  1.1357E+03  1.0000E+00  6.5457E-01
   9.5209E+00  2.1656E+01  2.6344E+02  5.4762E+00  3.8272E+03  0.0000E+00  0.0000E+00  0.0000E+00
   5.8751E+00  1.3358E+01  1.5228E+02  5.4447E+00  3.6333E+03  1.1363E+03  1.0000E+00  6.5463E-01
   1.0182E+01  2.2468E+01  2.7358E+02  5.4496E+00  3.8327E+03  0.0000E+00  0.0000E+00  0.0000E+00
   6.2836E+00  1.3859E+01  1.5812E+02  5.4180E+00  3.6381E+03  1.1368E+03  1.0000E+00  6.5469E-01
   1.0843E+01  2.3280E+01  2.8371E+02  5.4242E+00  3.8380E+03  0.0000E+00  0.0000E+00  0.0000E+00
   6.6915E+00  1.4360E+01  1.6397E+02  5.3924E+00  3.6427E+03  1.1373E+03  1.0000E+00  6.5474E-01
   1.1503E+01  2.4092E+01  2.9384E+02  5.3997E+00  3.8431E+03  0.0000E+00  0.0000E+00  0.0000E+00
   7.0987E+00  1.4861E+01  1.6982E+02  5.3678E+00  3.6472E+03  1.1379E+03  1.0000E+00  6.5479E-01
   1.2161E+01  2.4902E+01  3.0398E+02  5.3763E+00  3.8481E+03  0.0000E+00  0.0000E+00  0.0000E+00
   7.5054E+00  1.5361E+01  1.7566E+02  5.3442E+00  3.6515E+03  1.1383E+03  1.0000E+00  6.5485E-01
